"branch_name","rating","num_review","status","search_url","coord_url","longitude","latitude","detail","value"
"J&T EXPRESS Jatinegara Timur",4.2,34,"Buka ⋅ Tutup pukul 21.00","https://www.google.com/maps/place/J%26T+EXPRESS+Jatinegara+Timur/data=!4m7!3m6!1s0x2e69f38b2e26b37f:0xf8a26fda9f5755!8m2!3d-6.2220844!4d106.8690669!16s%2Fg%2F11j3tm3_ww!19sChIJf7MmLovzaS4RVVef2m-i-AA?authuser=0&hl=id&rclk=1","https://www.google.com/maps/place/J%26T+EXPRESS+Jatinegara+Timur/@-6.2220844,106.8690669,17z/data=!3m1!4b1!4m6!3m5!1s0x2e69f38b2e26b37f:0xf8a26fda9f5755!8m2!3d-6.2220844!4d106.8690669!16s%2Fg%2F11j3tm3_ww?authuser=0&hl=id&entry=ttu","106.8690669","-6.2220844","Alamat","10, Jl. Jatinegara Timur IV No.9, RT.10/RW.2, Bali Mester, Kecamatan Jatinegara, Kota Jakarta Timur, Daerah Khusus Ibukota Jakarta 13310"
"J&T EXPRESS Jatinegara Timur",4.2,34,"Buka ⋅ Tutup pukul 21.00","https://www.google.com/maps/place/J%26T+EXPRESS+Jatinegara+Timur/data=!4m7!3m6!1s0x2e69f38b2e26b37f:0xf8a26fda9f5755!8m2!3d-6.2220844!4d106.8690669!16s%2Fg%2F11j3tm3_ww!19sChIJf7MmLovzaS4RVVef2m-i-AA?authuser=0&hl=id&rclk=1","https://www.google.com/maps/place/J%26T+EXPRESS+Jatinegara+Timur/@-6.2220844,106.8690669,17z/data=!3m1!4b1!4m6!3m5!1s0x2e69f38b2e26b37f:0xf8a26fda9f5755!8m2!3d-6.2220844!4d106.8690669!16s%2Fg%2F11j3tm3_ww?authuser=0&hl=id&entry=ttu","106.8690669","-6.2220844","Telepon","0813-1818-1980"
"J&T EXPRESS Jatinegara Timur",4.2,34,"Buka ⋅ Tutup pukul 21.00","https://www.google.com/maps/place/J%26T+EXPRESS+Jatinegara+Timur/data=!4m7!3m6!1s0x2e69f38b2e26b37f:0xf8a26fda9f5755!8m2!3d-6.2220844!4d106.8690669!16s%2Fg%2F11j3tm3_ww!19sChIJf7MmLovzaS4RVVef2m-i-AA?authuser=0&hl=id&rclk=1","https://www.google.com/maps/place/J%26T+EXPRESS+Jatinegara+Timur/@-6.2220844,106.8690669,17z/data=!3m1!4b1!4m6!3m5!1s0x2e69f38b2e26b37f:0xf8a26fda9f5755!8m2!3d-6.2220844!4d106.8690669!16s%2Fg%2F11j3tm3_ww?authuser=0&hl=id&entry=ttu","106.8690669","-6.2220844","Plus Codes","QVH9+5J Bali Mester, Kota Jakarta Timur, Daerah Khusus Ibukota Jakarta"
"J&T Express Klender",1.6,614,"Buka ⋅ Tutup pukul 20.00","https://www.google.com/maps/place/J%26T+Express+Klender/data=!4m7!3m6!1s0x2e69f3516616511b:0xa64b7fe0694bf5f1!8m2!3d-6.24189!4d106.9016132!16s%2Fg%2F11c5wjq1pw!19sChIJG1EWZlHzaS4R8fVLaeB_S6Y?authuser=0&hl=id&rclk=1","https://www.google.com/maps/place/J%26T+Express+Klender/@-6.24189,106.9016132,17z/data=!3m1!4b1!4m6!3m5!1s0x2e69f3516616511b:0xa64b7fe0694bf5f1!8m2!3d-6.24189!4d106.9016132!16s%2Fg%2F11c5wjq1pw?authuser=0&hl=id&entry=ttu","106.9016132","-6.24189","Alamat","Jl. Pd. Bambu II No.26, RT.1/RW.7, Pd. Bambu, Kec. Duren Sawit, Kota Jakarta Timur, Daerah Khusus Ibukota Jakarta 13430"
"J&T Express Klender",1.6,614,"Buka ⋅ Tutup pukul 20.00","https://www.google.com/maps/place/J%26T+Express+Klender/data=!4m7!3m6!1s0x2e69f3516616511b:0xa64b7fe0694bf5f1!8m2!3d-6.24189!4d106.9016132!16s%2Fg%2F11c5wjq1pw!19sChIJG1EWZlHzaS4R8fVLaeB_S6Y?authuser=0&hl=id&rclk=1","https://www.google.com/maps/place/J%26T+Express+Klender/@-6.24189,106.9016132,17z/data=!3m1!4b1!4m6!3m5!1s0x2e69f3516616511b:0xa64b7fe0694bf5f1!8m2!3d-6.24189!4d106.9016132!16s%2Fg%2F11c5wjq1pw?authuser=0&hl=id&entry=ttu","106.9016132","-6.24189","Situs Web","jet.co.id"
"J&T Express Klender",1.6,614,"Buka ⋅ Tutup pukul 20.00","https://www.google.com/maps/place/J%26T+Express+Klender/data=!4m7!3m6!1s0x2e69f3516616511b:0xa64b7fe0694bf5f1!8m2!3d-6.24189!4d106.9016132!16s%2Fg%2F11c5wjq1pw!19sChIJG1EWZlHzaS4R8fVLaeB_S6Y?authuser=0&hl=id&rclk=1","https://www.google.com/maps/place/J%26T+Express+Klender/@-6.24189,106.9016132,17z/data=!3m1!4b1!4m6!3m5!1s0x2e69f3516616511b:0xa64b7fe0694bf5f1!8m2!3d-6.24189!4d106.9016132!16s%2Fg%2F11c5wjq1pw?authuser=0&hl=id&entry=ttu","106.9016132","-6.24189","Telepon","(021) 8607738"
"J&T Express Klender",1.6,614,"Buka ⋅ Tutup pukul 20.00","https://www.google.com/maps/place/J%26T+Express+Klender/data=!4m7!3m6!1s0x2e69f3516616511b:0xa64b7fe0694bf5f1!8m2!3d-6.24189!4d106.9016132!16s%2Fg%2F11c5wjq1pw!19sChIJG1EWZlHzaS4R8fVLaeB_S6Y?authuser=0&hl=id&rclk=1","https://www.google.com/maps/place/J%26T+Express+Klender/@-6.24189,106.9016132,17z/data=!3m1!4b1!4m6!3m5!1s0x2e69f3516616511b:0xa64b7fe0694bf5f1!8m2!3d-6.24189!4d106.9016132!16s%2Fg%2F11c5wjq1pw?authuser=0&hl=id&entry=ttu","106.9016132","-6.24189","Plus Codes","QW52+6J Pd. Bambu, Kota Jakarta Timur, Daerah Khusus Ibukota Jakarta"
"JNT Express Jatinegara",3.7,337,"Buka ⋅ Tutup pukul 22.00","https://www.google.com/maps/place/JNT+Express+Jatinegara/data=!4m7!3m6!1s0x2e69f3793d5191fd:0xea0884271894e1fd!8m2!3d-6.2277147!4d106.8823347!16s%2Fg%2F11clyt0564!19sChIJ_ZFRPXnzaS4R_eGUGCeECOo?authuser=0&hl=id&rclk=1","https://www.google.com/maps/place/JNT+Express+Jatinegara/@-6.2277147,106.8823347,17z/data=!3m1!4b1!4m6!3m5!1s0x2e69f3793d5191fd:0xea0884271894e1fd!8m2!3d-6.2277147!4d106.8823347!16s%2Fg%2F11clyt0564?authuser=0&hl=id&entry=ttu","106.8823347","-6.2277147","Alamat","Jl. Jend. Basuki Rachmat No.8, RT.3/RW.6, Cipinang Besar Sel., Kecamatan Jatinegara, Kota Jakarta Timur, Daerah Khusus Ibukota Jakarta 13410"
"JNT Express Jatinegara",3.7,337,"Buka ⋅ Tutup pukul 22.00","https://www.google.com/maps/place/JNT+Express+Jatinegara/data=!4m7!3m6!1s0x2e69f3793d5191fd:0xea0884271894e1fd!8m2!3d-6.2277147!4d106.8823347!16s%2Fg%2F11clyt0564!19sChIJ_ZFRPXnzaS4R_eGUGCeECOo?authuser=0&hl=id&rclk=1","https://www.google.com/maps/place/JNT+Express+Jatinegara/@-6.2277147,106.8823347,17z/data=!3m1!4b1!4m6!3m5!1s0x2e69f3793d5191fd:0xea0884271894e1fd!8m2!3d-6.2277147!4d106.8823347!16s%2Fg%2F11clyt0564?authuser=0&hl=id&entry=ttu","106.8823347","-6.2277147","Situs Web","instagram.com"
"JNT Express Jatinegara",3.7,337,"Buka ⋅ Tutup pukul 22.00","https://www.google.com/maps/place/JNT+Express+Jatinegara/data=!4m7!3m6!1s0x2e69f3793d5191fd:0xea0884271894e1fd!8m2!3d-6.2277147!4d106.8823347!16s%2Fg%2F11clyt0564!19sChIJ_ZFRPXnzaS4R_eGUGCeECOo?authuser=0&hl=id&rclk=1","https://www.google.com/maps/place/JNT+Express+Jatinegara/@-6.2277147,106.8823347,17z/data=!3m1!4b1!4m6!3m5!1s0x2e69f3793d5191fd:0xea0884271894e1fd!8m2!3d-6.2277147!4d106.8823347!16s%2Fg%2F11clyt0564?authuser=0&hl=id&entry=ttu","106.8823347","-6.2277147","Telepon","(021) 22897300"
"JNT Express Jatinegara",3.7,337,"Buka ⋅ Tutup pukul 22.00","https://www.google.com/maps/place/JNT+Express+Jatinegara/data=!4m7!3m6!1s0x2e69f3793d5191fd:0xea0884271894e1fd!8m2!3d-6.2277147!4d106.8823347!16s%2Fg%2F11clyt0564!19sChIJ_ZFRPXnzaS4R_eGUGCeECOo?authuser=0&hl=id&rclk=1","https://www.google.com/maps/place/JNT+Express+Jatinegara/@-6.2277147,106.8823347,17z/data=!3m1!4b1!4m6!3m5!1s0x2e69f3793d5191fd:0xea0884271894e1fd!8m2!3d-6.2277147!4d106.8823347!16s%2Fg%2F11clyt0564?authuser=0&hl=id&entry=ttu","106.8823347","-6.2277147","Plus Codes","QVCJ+WW Cipinang Besar Sel., Kota Jakarta Timur, Daerah Khusus Ibukota Jakarta"
"J&T Express Utan Kayu",3.7,148,"Buka ⋅ Tutup pukul 21.30","https://www.google.com/maps/place/J%26T+Express+Utan+Kayu/data=!4m7!3m6!1s0x2e69f48b148d8c33:0x3fd47dfc8226c17!8m2!3d-6.195111!4d106.8680591!16s%2Fg%2F11dfh47zr6!19sChIJM4yNFIv0aS4RF2wiyN9H_QM?authuser=0&hl=id&rclk=1","https://www.google.com/maps/place/J%26T+Express+Utan+Kayu/@-6.195111,106.8680591,17z/data=!3m1!4b1!4m6!3m5!1s0x2e69f48b148d8c33:0x3fd47dfc8226c17!8m2!3d-6.195111!4d106.8680591!16s%2Fg%2F11dfh47zr6?authuser=0&hl=id&entry=ttu","106.8680591","-6.195111","Alamat","Jalan Balai Rakyat III No.15 14 6, RT.14/RW.6, Utan Kayu Utara, Kec. Matraman, Kota Jakarta Timur, Daerah Khusus Ibukota Jakarta 13120"
"J&T Express Utan Kayu",3.7,148,"Buka ⋅ Tutup pukul 21.30","https://www.google.com/maps/place/J%26T+Express+Utan+Kayu/data=!4m7!3m6!1s0x2e69f48b148d8c33:0x3fd47dfc8226c17!8m2!3d-6.195111!4d106.8680591!16s%2Fg%2F11dfh47zr6!19sChIJM4yNFIv0aS4RF2wiyN9H_QM?authuser=0&hl=id&rclk=1","https://www.google.com/maps/place/J%26T+Express+Utan+Kayu/@-6.195111,106.8680591,17z/data=!3m1!4b1!4m6!3m5!1s0x2e69f48b148d8c33:0x3fd47dfc8226c17!8m2!3d-6.195111!4d106.8680591!16s%2Fg%2F11dfh47zr6?authuser=0&hl=id&entry=ttu","106.8680591","-6.195111","Situs Web","jet.co.id"
"J&T Express Utan Kayu",3.7,148,"Buka ⋅ Tutup pukul 21.30","https://www.google.com/maps/place/J%26T+Express+Utan+Kayu/data=!4m7!3m6!1s0x2e69f48b148d8c33:0x3fd47dfc8226c17!8m2!3d-6.195111!4d106.8680591!16s%2Fg%2F11dfh47zr6!19sChIJM4yNFIv0aS4RF2wiyN9H_QM?authuser=0&hl=id&rclk=1","https://www.google.com/maps/place/J%26T+Express+Utan+Kayu/@-6.195111,106.8680591,17z/data=!3m1!4b1!4m6!3m5!1s0x2e69f48b148d8c33:0x3fd47dfc8226c17!8m2!3d-6.195111!4d106.8680591!16s%2Fg%2F11dfh47zr6?authuser=0&hl=id&entry=ttu","106.8680591","-6.195111","Telepon","(021) 22893424"
"J&T Express Utan Kayu",3.7,148,"Buka ⋅ Tutup pukul 21.30","https://www.google.com/maps/place/J%26T+Express+Utan+Kayu/data=!4m7!3m6!1s0x2e69f48b148d8c33:0x3fd47dfc8226c17!8m2!3d-6.195111!4d106.8680591!16s%2Fg%2F11dfh47zr6!19sChIJM4yNFIv0aS4RF2wiyN9H_QM?authuser=0&hl=id&rclk=1","https://www.google.com/maps/place/J%26T+Express+Utan+Kayu/@-6.195111,106.8680591,17z/data=!3m1!4b1!4m6!3m5!1s0x2e69f48b148d8c33:0x3fd47dfc8226c17!8m2!3d-6.195111!4d106.8680591!16s%2Fg%2F11dfh47zr6?authuser=0&hl=id&entry=ttu","106.8680591","-6.195111","Plus Codes","RV39+X6 Utan Kayu Utara, Kota Jakarta Timur, Daerah Khusus Ibukota Jakarta"
"J&T Express GW Jaktim",2.4,269,"Buka 24 jam","https://www.google.com/maps/place/J%26T+Express+GW+Jaktim/data=!4m7!3m6!1s0x2e69ed814e7aef5d:0xc5848a572e9a793b!8m2!3d-6.302263!4d106.8595461!16s%2Fg%2F11dymbvhbx!19sChIJXe96ToHtaS4RO3maLleKhMU?authuser=0&hl=id&rclk=1","https://www.google.com/maps/place/J%26T+Express+GW+Jaktim/@-6.302263,106.8595461,17z/data=!3m1!4b1!4m6!3m5!1s0x2e69ed814e7aef5d:0xc5848a572e9a793b!8m2!3d-6.302263!4d106.8595461!16s%2Fg%2F11dymbvhbx?authuser=0&hl=id&entry=ttu","106.8595461","-6.302263","Alamat","Jl. TB Simatupang Blok Delima No.10, RT.3/RW.8, Gedong, Kec. Ps. Rebo, Kota Jakarta Timur, Daerah Khusus Ibukota Jakarta 13760"
"J&T Express GW Jaktim",2.4,269,"Buka 24 jam","https://www.google.com/maps/place/J%26T+Express+GW+Jaktim/data=!4m7!3m6!1s0x2e69ed814e7aef5d:0xc5848a572e9a793b!8m2!3d-6.302263!4d106.8595461!16s%2Fg%2F11dymbvhbx!19sChIJXe96ToHtaS4RO3maLleKhMU?authuser=0&hl=id&rclk=1","https://www.google.com/maps/place/J%26T+Express+GW+Jaktim/@-6.302263,106.8595461,17z/data=!3m1!4b1!4m6!3m5!1s0x2e69ed814e7aef5d:0xc5848a572e9a793b!8m2!3d-6.302263!4d106.8595461!16s%2Fg%2F11dymbvhbx?authuser=0&hl=id&entry=ttu","106.8595461","-6.302263","Situs Web","jet.co.id"
"J&T Express GW Jaktim",2.4,269,"Buka 24 jam","https://www.google.com/maps/place/J%26T+Express+GW+Jaktim/data=!4m7!3m6!1s0x2e69ed814e7aef5d:0xc5848a572e9a793b!8m2!3d-6.302263!4d106.8595461!16s%2Fg%2F11dymbvhbx!19sChIJXe96ToHtaS4RO3maLleKhMU?authuser=0&hl=id&rclk=1","https://www.google.com/maps/place/J%26T+Express+GW+Jaktim/@-6.302263,106.8595461,17z/data=!3m1!4b1!4m6!3m5!1s0x2e69ed814e7aef5d:0xc5848a572e9a793b!8m2!3d-6.302263!4d106.8595461!16s%2Fg%2F11dymbvhbx?authuser=0&hl=id&entry=ttu","106.8595461","-6.302263","Telepon","(021) 22819616"
"J&T Express GW Jaktim",2.4,269,"Buka 24 jam","https://www.google.com/maps/place/J%26T+Express+GW+Jaktim/data=!4m7!3m6!1s0x2e69ed814e7aef5d:0xc5848a572e9a793b!8m2!3d-6.302263!4d106.8595461!16s%2Fg%2F11dymbvhbx!19sChIJXe96ToHtaS4RO3maLleKhMU?authuser=0&hl=id&rclk=1","https://www.google.com/maps/place/J%26T+Express+GW+Jaktim/@-6.302263,106.8595461,17z/data=!3m1!4b1!4m6!3m5!1s0x2e69ed814e7aef5d:0xc5848a572e9a793b!8m2!3d-6.302263!4d106.8595461!16s%2Fg%2F11dymbvhbx?authuser=0&hl=id&entry=ttu","106.8595461","-6.302263","Plus Codes","MVX5+3R Gedong, Kota Jakarta Timur, Daerah Khusus Ibukota Jakarta"
"J&T EXPRESS DC KRAMAT JATI",1.9,396,"Buka 24 jam","https://www.google.com/maps/place/J%26T+EXPRESS+DC+KRAMAT+JATI/data=!4m7!3m6!1s0x2e69f3ffec5cfc25:0x15c00dad9f21671c!8m2!3d-6.276534!4d106.855771!16s%2Fg%2F11jgh5g29d!19sChIJJfxc7P_zaS4RHGchn60NwBU?authuser=0&hl=id&rclk=1","https://www.google.com/maps/place/J%26T+EXPRESS+DC+KRAMAT+JATI/@-6.276534,106.855771,17z/data=!3m1!4b1!4m6!3m5!1s0x2e69f3ffec5cfc25:0x15c00dad9f21671c!8m2!3d-6.276534!4d106.855771!16s%2Fg%2F11jgh5g29d?authuser=0&hl=id&entry=ttu","106.855771","-6.276534","Alamat","Jl. Raya Condet No.17, RT.3/RW.4, Batu Ampar, Kec. Kramat jati, Kota Jakarta Timur, Daerah Khusus Ibukota Jakarta 13520"
"J&T EXPRESS DC KRAMAT JATI",1.9,396,"Buka 24 jam","https://www.google.com/maps/place/J%26T+EXPRESS+DC+KRAMAT+JATI/data=!4m7!3m6!1s0x2e69f3ffec5cfc25:0x15c00dad9f21671c!8m2!3d-6.276534!4d106.855771!16s%2Fg%2F11jgh5g29d!19sChIJJfxc7P_zaS4RHGchn60NwBU?authuser=0&hl=id&rclk=1","https://www.google.com/maps/place/J%26T+EXPRESS+DC+KRAMAT+JATI/@-6.276534,106.855771,17z/data=!3m1!4b1!4m6!3m5!1s0x2e69f3ffec5cfc25:0x15c00dad9f21671c!8m2!3d-6.276534!4d106.855771!16s%2Fg%2F11jgh5g29d?authuser=0&hl=id&entry=ttu","106.855771","-6.276534","Telepon","0858-8742-6067"
"J&T EXPRESS DC KRAMAT JATI",1.9,396,"Buka 24 jam","https://www.google.com/maps/place/J%26T+EXPRESS+DC+KRAMAT+JATI/data=!4m7!3m6!1s0x2e69f3ffec5cfc25:0x15c00dad9f21671c!8m2!3d-6.276534!4d106.855771!16s%2Fg%2F11jgh5g29d!19sChIJJfxc7P_zaS4RHGchn60NwBU?authuser=0&hl=id&rclk=1","https://www.google.com/maps/place/J%26T+EXPRESS+DC+KRAMAT+JATI/@-6.276534,106.855771,17z/data=!3m1!4b1!4m6!3m5!1s0x2e69f3ffec5cfc25:0x15c00dad9f21671c!8m2!3d-6.276534!4d106.855771!16s%2Fg%2F11jgh5g29d?authuser=0&hl=id&entry=ttu","106.855771","-6.276534","Plus Codes","PVF4+98 Batu Ampar, Kota Jakarta Timur, Daerah Khusus Ibukota Jakarta"
"J&T Express H Ten",4.4,128,"Buka ⋅ Tutup pukul 21.30","https://www.google.com/maps/place/J%26T+Express+H+Ten/data=!4m7!3m6!1s0x2e69f53b8c629fcb:0xc75a797df146efc1!8m2!3d-6.1893463!4d106.8787002!16s%2Fg%2F11f8jykh3c!19sChIJy59ijDv1aS4Rwe9G8X15Wsc?authuser=0&hl=id&rclk=1","https://www.google.com/maps/place/J%26T+Express+H+Ten/@-6.1893463,106.8787002,17z/data=!3m1!4b1!4m6!3m5!1s0x2e69f53b8c629fcb:0xc75a797df146efc1!8m2!3d-6.1893463!4d106.8787002!16s%2Fg%2F11f8jykh3c?authuser=0&hl=id&entry=ttu","106.8787002","-6.1893463","Alamat","Jl. H. Ten Raya No.39, RT.5/RW.1, Rawamangun, Kec. Pulo Gadung, Kota Jakarta Timur, Daerah Khusus Ibukota Jakarta 13220"
"J&T Express H Ten",4.4,128,"Buka ⋅ Tutup pukul 21.30","https://www.google.com/maps/place/J%26T+Express+H+Ten/data=!4m7!3m6!1s0x2e69f53b8c629fcb:0xc75a797df146efc1!8m2!3d-6.1893463!4d106.8787002!16s%2Fg%2F11f8jykh3c!19sChIJy59ijDv1aS4Rwe9G8X15Wsc?authuser=0&hl=id&rclk=1","https://www.google.com/maps/place/J%26T+Express+H+Ten/@-6.1893463,106.8787002,17z/data=!3m1!4b1!4m6!3m5!1s0x2e69f53b8c629fcb:0xc75a797df146efc1!8m2!3d-6.1893463!4d106.8787002!16s%2Fg%2F11f8jykh3c?authuser=0&hl=id&entry=ttu","106.8787002","-6.1893463","Situs Web","jet.co.id"
"J&T Express H Ten",4.4,128,"Buka ⋅ Tutup pukul 21.30","https://www.google.com/maps/place/J%26T+Express+H+Ten/data=!4m7!3m6!1s0x2e69f53b8c629fcb:0xc75a797df146efc1!8m2!3d-6.1893463!4d106.8787002!16s%2Fg%2F11f8jykh3c!19sChIJy59ijDv1aS4Rwe9G8X15Wsc?authuser=0&hl=id&rclk=1","https://www.google.com/maps/place/J%26T+Express+H+Ten/@-6.1893463,106.8787002,17z/data=!3m1!4b1!4m6!3m5!1s0x2e69f53b8c629fcb:0xc75a797df146efc1!8m2!3d-6.1893463!4d106.8787002!16s%2Fg%2F11f8jykh3c?authuser=0&hl=id&entry=ttu","106.8787002","-6.1893463","Telepon","0856-9365-9116"
"J&T Express H Ten",4.4,128,"Buka ⋅ Tutup pukul 21.30","https://www.google.com/maps/place/J%26T+Express+H+Ten/data=!4m7!3m6!1s0x2e69f53b8c629fcb:0xc75a797df146efc1!8m2!3d-6.1893463!4d106.8787002!16s%2Fg%2F11f8jykh3c!19sChIJy59ijDv1aS4Rwe9G8X15Wsc?authuser=0&hl=id&rclk=1","https://www.google.com/maps/place/J%26T+Express+H+Ten/@-6.1893463,106.8787002,17z/data=!3m1!4b1!4m6!3m5!1s0x2e69f53b8c629fcb:0xc75a797df146efc1!8m2!3d-6.1893463!4d106.8787002!16s%2Fg%2F11f8jykh3c?authuser=0&hl=id&entry=ttu","106.8787002","-6.1893463","Plus Codes","RV6H+7F Rawamangun, Kota Jakarta Timur, Daerah Khusus Ibukota Jakarta"
"J&T OTISTA",4.2,39,"","https://www.google.com/maps/place/J%26T+OTISTA/data=!4m7!3m6!1s0x2e69f37645942779:0xdbe8d08fa6eb6803!8m2!3d-6.229339!4d106.867048!16s%2Fg%2F11hdc410vy!19sChIJeSeURXbzaS4RA2jrpo_Q6Ns?authuser=0&hl=id&rclk=1","https://www.google.com/maps/place/J%26T+OTISTA/@-6.229339,106.867048,17z/data=!3m1!4b1!4m6!3m5!1s0x2e69f37645942779:0xdbe8d08fa6eb6803!8m2!3d-6.229339!4d106.867048!16s%2Fg%2F11hdc410vy?authuser=0&hl=id&entry=ttu","106.867048","-6.229339","Alamat","Jl. Otto Iskandardinata No.48A, RT.1/RW.3, Bidara Cina, Kecamatan Jatinegara, Kota Jakarta Timur, Daerah Khusus Ibukota Jakarta 13330"
"J&T OTISTA",4.2,39,"","https://www.google.com/maps/place/J%26T+OTISTA/data=!4m7!3m6!1s0x2e69f37645942779:0xdbe8d08fa6eb6803!8m2!3d-6.229339!4d106.867048!16s%2Fg%2F11hdc410vy!19sChIJeSeURXbzaS4RA2jrpo_Q6Ns?authuser=0&hl=id&rclk=1","https://www.google.com/maps/place/J%26T+OTISTA/@-6.229339,106.867048,17z/data=!3m1!4b1!4m6!3m5!1s0x2e69f37645942779:0xdbe8d08fa6eb6803!8m2!3d-6.229339!4d106.867048!16s%2Fg%2F11hdc410vy?authuser=0&hl=id&entry=ttu","106.867048","-6.229339","Terletak di","Klinik Utama Siaga Medika"
"J&T OTISTA",4.2,39,"","https://www.google.com/maps/place/J%26T+OTISTA/data=!4m7!3m6!1s0x2e69f37645942779:0xdbe8d08fa6eb6803!8m2!3d-6.229339!4d106.867048!16s%2Fg%2F11hdc410vy!19sChIJeSeURXbzaS4RA2jrpo_Q6Ns?authuser=0&hl=id&rclk=1","https://www.google.com/maps/place/J%26T+OTISTA/@-6.229339,106.867048,17z/data=!3m1!4b1!4m6!3m5!1s0x2e69f37645942779:0xdbe8d08fa6eb6803!8m2!3d-6.229339!4d106.867048!16s%2Fg%2F11hdc410vy?authuser=0&hl=id&entry=ttu","106.867048","-6.229339","Situs Web","jt-otista.business.site"
"J&T OTISTA",4.2,39,"","https://www.google.com/maps/place/J%26T+OTISTA/data=!4m7!3m6!1s0x2e69f37645942779:0xdbe8d08fa6eb6803!8m2!3d-6.229339!4d106.867048!16s%2Fg%2F11hdc410vy!19sChIJeSeURXbzaS4RA2jrpo_Q6Ns?authuser=0&hl=id&rclk=1","https://www.google.com/maps/place/J%26T+OTISTA/@-6.229339,106.867048,17z/data=!3m1!4b1!4m6!3m5!1s0x2e69f37645942779:0xdbe8d08fa6eb6803!8m2!3d-6.229339!4d106.867048!16s%2Fg%2F11hdc410vy?authuser=0&hl=id&entry=ttu","106.867048","-6.229339","Telepon","0878-1808-1990"
"J&T OTISTA",4.2,39,"","https://www.google.com/maps/place/J%26T+OTISTA/data=!4m7!3m6!1s0x2e69f37645942779:0xdbe8d08fa6eb6803!8m2!3d-6.229339!4d106.867048!16s%2Fg%2F11hdc410vy!19sChIJeSeURXbzaS4RA2jrpo_Q6Ns?authuser=0&hl=id&rclk=1","https://www.google.com/maps/place/J%26T+OTISTA/@-6.229339,106.867048,17z/data=!3m1!4b1!4m6!3m5!1s0x2e69f37645942779:0xdbe8d08fa6eb6803!8m2!3d-6.229339!4d106.867048!16s%2Fg%2F11hdc410vy?authuser=0&hl=id&entry=ttu","106.867048","-6.229339","Plus Codes","QVC8+7R Bidara Cina, Kota Jakarta Timur, Daerah Khusus Ibukota Jakarta"
"J&T Express Drop Point Cakung",3.2,134,"Buka ⋅ Tutup pukul 22.00","https://www.google.com/maps/place/J%26T+Express+Drop+Point+Cakung/data=!4m7!3m6!1s0x2e698b4d00000007:0x99f8aadf7ce1ec83!8m2!3d-6.1932573!4d106.9225378!16s%2Fg%2F11f30sckx1!19sChIJBwAAAE2LaS4Rg-zhfN-q-Jk?authuser=0&hl=id&rclk=1","https://www.google.com/maps/place/J%26T+Express+Drop+Point+Cakung/@-6.1932573,106.9225378,17z/data=!3m1!4b1!4m6!3m5!1s0x2e698b4d00000007:0x99f8aadf7ce1ec83!8m2!3d-6.1932573!4d106.9225378!16s%2Fg%2F11f30sckx1?authuser=0&hl=id&entry=ttu","106.9225378","-6.1932573","Alamat","Jl. Dr. KRT Radjiman Widyodiningrat No.5-26, RT.9/RW.6, Jatinegara, Kec. Cakung, Kota Jakarta Timur, Daerah Khusus Ibukota Jakarta 13930"
"J&T Express Drop Point Cakung",3.2,134,"Buka ⋅ Tutup pukul 22.00","https://www.google.com/maps/place/J%26T+Express+Drop+Point+Cakung/data=!4m7!3m6!1s0x2e698b4d00000007:0x99f8aadf7ce1ec83!8m2!3d-6.1932573!4d106.9225378!16s%2Fg%2F11f30sckx1!19sChIJBwAAAE2LaS4Rg-zhfN-q-Jk?authuser=0&hl=id&rclk=1","https://www.google.com/maps/place/J%26T+Express+Drop+Point+Cakung/@-6.1932573,106.9225378,17z/data=!3m1!4b1!4m6!3m5!1s0x2e698b4d00000007:0x99f8aadf7ce1ec83!8m2!3d-6.1932573!4d106.9225378!16s%2Fg%2F11f30sckx1?authuser=0&hl=id&entry=ttu","106.9225378","-6.1932573","Telepon","0812-8953-9887"
"J&T Express Drop Point Cakung",3.2,134,"Buka ⋅ Tutup pukul 22.00","https://www.google.com/maps/place/J%26T+Express+Drop+Point+Cakung/data=!4m7!3m6!1s0x2e698b4d00000007:0x99f8aadf7ce1ec83!8m2!3d-6.1932573!4d106.9225378!16s%2Fg%2F11f30sckx1!19sChIJBwAAAE2LaS4Rg-zhfN-q-Jk?authuser=0&hl=id&rclk=1","https://www.google.com/maps/place/J%26T+Express+Drop+Point+Cakung/@-6.1932573,106.9225378,17z/data=!3m1!4b1!4m6!3m5!1s0x2e698b4d00000007:0x99f8aadf7ce1ec83!8m2!3d-6.1932573!4d106.9225378!16s%2Fg%2F11f30sckx1?authuser=0&hl=id&entry=ttu","106.9225378","-6.1932573","Plus Codes","RW4F+M2 Jatinegara, Kota Jakarta Timur, Daerah Khusus Ibukota Jakarta"
"J&T Express Lubang Buaya",4.4,308,"Buka ⋅ Tutup pukul 22.00","https://www.google.com/maps/place/J%26T+Express+Lubang+Buaya/data=!4m7!3m6!1s0x2e69f2b1cac673a9:0x9bc8872aa1e50ff2!8m2!3d-6.2850435!4d106.9033761!16s%2Fg%2F11g6x7wvfw!19sChIJqXPGyrHyaS4R8g_loSqHyJs?authuser=0&hl=id&rclk=1","https://www.google.com/maps/place/J%26T+Express+Lubang+Buaya/@-6.2850435,106.9033761,17z/data=!3m1!4b1!4m6!3m5!1s0x2e69f2b1cac673a9:0x9bc8872aa1e50ff2!8m2!3d-6.2850435!4d106.9033761!16s%2Fg%2F11g6x7wvfw?authuser=0&hl=id&entry=ttu","106.9033761","-6.2850435","Alamat","Jl. Raya Pd. Gede No.3A, RT.4/RW.8, Lubang Buaya, Kec. Cipayung, Kota Jakarta Timur, Daerah Khusus Ibukota Jakarta 13810"
"J&T Express Lubang Buaya",4.4,308,"Buka ⋅ Tutup pukul 22.00","https://www.google.com/maps/place/J%26T+Express+Lubang+Buaya/data=!4m7!3m6!1s0x2e69f2b1cac673a9:0x9bc8872aa1e50ff2!8m2!3d-6.2850435!4d106.9033761!16s%2Fg%2F11g6x7wvfw!19sChIJqXPGyrHyaS4R8g_loSqHyJs?authuser=0&hl=id&rclk=1","https://www.google.com/maps/place/J%26T+Express+Lubang+Buaya/@-6.2850435,106.9033761,17z/data=!3m1!4b1!4m6!3m5!1s0x2e69f2b1cac673a9:0x9bc8872aa1e50ff2!8m2!3d-6.2850435!4d106.9033761!16s%2Fg%2F11g6x7wvfw?authuser=0&hl=id&entry=ttu","106.9033761","-6.2850435","Situs Web","jet.co.id"
"J&T Express Lubang Buaya",4.4,308,"Buka ⋅ Tutup pukul 22.00","https://www.google.com/maps/place/J%26T+Express+Lubang+Buaya/data=!4m7!3m6!1s0x2e69f2b1cac673a9:0x9bc8872aa1e50ff2!8m2!3d-6.2850435!4d106.9033761!16s%2Fg%2F11g6x7wvfw!19sChIJqXPGyrHyaS4R8g_loSqHyJs?authuser=0&hl=id&rclk=1","https://www.google.com/maps/place/J%26T+Express+Lubang+Buaya/@-6.2850435,106.9033761,17z/data=!3m1!4b1!4m6!3m5!1s0x2e69f2b1cac673a9:0x9bc8872aa1e50ff2!8m2!3d-6.2850435!4d106.9033761!16s%2Fg%2F11g6x7wvfw?authuser=0&hl=id&entry=ttu","106.9033761","-6.2850435","Telepon","(021) 22878899"
"J&T Express Lubang Buaya",4.4,308,"Buka ⋅ Tutup pukul 22.00","https://www.google.com/maps/place/J%26T+Express+Lubang+Buaya/data=!4m7!3m6!1s0x2e69f2b1cac673a9:0x9bc8872aa1e50ff2!8m2!3d-6.2850435!4d106.9033761!16s%2Fg%2F11g6x7wvfw!19sChIJqXPGyrHyaS4R8g_loSqHyJs?authuser=0&hl=id&rclk=1","https://www.google.com/maps/place/J%26T+Express+Lubang+Buaya/@-6.2850435,106.9033761,17z/data=!3m1!4b1!4m6!3m5!1s0x2e69f2b1cac673a9:0x9bc8872aa1e50ff2!8m2!3d-6.2850435!4d106.9033761!16s%2Fg%2F11g6x7wvfw?authuser=0&hl=id&entry=ttu","106.9033761","-6.2850435","Plus Codes","PW73+X9 Lubang Buaya, Kota Jakarta Timur, Daerah Khusus Ibukota Jakarta"
"J&T Express Rawamangun",3.9,360,"Buka ⋅ Tutup pukul 22.00","https://www.google.com/maps/place/J%26T+Express+Rawamangun/data=!4m7!3m6!1s0x2e69f4bfa984c609:0x64919ef8d3f534ad!8m2!3d-6.1967782!4d106.8913921!16s%2Fg%2F11c38f80vj!19sChIJCcaEqb_0aS4RrTT10_iekWQ?authuser=0&hl=id&rclk=1","https://www.google.com/maps/place/J%26T+Express+Rawamangun/@-6.1967782,106.8913921,17z/data=!3m1!4b1!4m6!3m5!1s0x2e69f4bfa984c609:0x64919ef8d3f534ad!8m2!3d-6.1967782!4d106.8913921!16s%2Fg%2F11c38f80vj?authuser=0&hl=id&entry=ttu","106.8913921","-6.1967782","Alamat","Jl. Paus No.94A, RT.1/RW.8, Jati, Kec. Pulo Gadung, Kota Jakarta Timur, Daerah Khusus Ibukota Jakarta 13220"
"J&T Express Rawamangun",3.9,360,"Buka ⋅ Tutup pukul 22.00","https://www.google.com/maps/place/J%26T+Express+Rawamangun/data=!4m7!3m6!1s0x2e69f4bfa984c609:0x64919ef8d3f534ad!8m2!3d-6.1967782!4d106.8913921!16s%2Fg%2F11c38f80vj!19sChIJCcaEqb_0aS4RrTT10_iekWQ?authuser=0&hl=id&rclk=1","https://www.google.com/maps/place/J%26T+Express+Rawamangun/@-6.1967782,106.8913921,17z/data=!3m1!4b1!4m6!3m5!1s0x2e69f4bfa984c609:0x64919ef8d3f534ad!8m2!3d-6.1967782!4d106.8913921!16s%2Fg%2F11c38f80vj?authuser=0&hl=id&entry=ttu","106.8913921","-6.1967782","Situs Web","jet.co.id"
"J&T Express Rawamangun",3.9,360,"Buka ⋅ Tutup pukul 22.00","https://www.google.com/maps/place/J%26T+Express+Rawamangun/data=!4m7!3m6!1s0x2e69f4bfa984c609:0x64919ef8d3f534ad!8m2!3d-6.1967782!4d106.8913921!16s%2Fg%2F11c38f80vj!19sChIJCcaEqb_0aS4RrTT10_iekWQ?authuser=0&hl=id&rclk=1","https://www.google.com/maps/place/J%26T+Express+Rawamangun/@-6.1967782,106.8913921,17z/data=!3m1!4b1!4m6!3m5!1s0x2e69f4bfa984c609:0x64919ef8d3f534ad!8m2!3d-6.1967782!4d106.8913921!16s%2Fg%2F11c38f80vj?authuser=0&hl=id&entry=ttu","106.8913921","-6.1967782","Telepon","(021) 22861555"
"J&T Express Rawamangun",3.9,360,"Buka ⋅ Tutup pukul 22.00","https://www.google.com/maps/place/J%26T+Express+Rawamangun/data=!4m7!3m6!1s0x2e69f4bfa984c609:0x64919ef8d3f534ad!8m2!3d-6.1967782!4d106.8913921!16s%2Fg%2F11c38f80vj!19sChIJCcaEqb_0aS4RrTT10_iekWQ?authuser=0&hl=id&rclk=1","https://www.google.com/maps/place/J%26T+Express+Rawamangun/@-6.1967782,106.8913921,17z/data=!3m1!4b1!4m6!3m5!1s0x2e69f4bfa984c609:0x64919ef8d3f534ad!8m2!3d-6.1967782!4d106.8913921!16s%2Fg%2F11c38f80vj?authuser=0&hl=id&entry=ttu","106.8913921","-6.1967782","Plus Codes","RV3R+7H Jati, Kota Jakarta Timur, Daerah Khusus Ibukota Jakarta"
"J&T Express Kramat Jati",3.3,266,"Buka ⋅ Tutup pukul 20.00","https://www.google.com/maps/place/J%26T+Express+Kramat+Jati/data=!4m7!3m6!1s0x2e69f2f4e1671c45:0x6b38977aa4c8ad75!8m2!3d-6.2805993!4d106.8710442!16s%2Fg%2F11cmmwlj1f!19sChIJRRxn4fTyaS4Rda3IpHqXOGs?authuser=0&hl=id&rclk=1","https://www.google.com/maps/place/J%26T+Express+Kramat+Jati/@-6.2805993,106.8710442,17z/data=!3m1!4b1!4m6!3m5!1s0x2e69f2f4e1671c45:0x6b38977aa4c8ad75!8m2!3d-6.2805993!4d106.8710442!16s%2Fg%2F11cmmwlj1f?authuser=0&hl=id&entry=ttu","106.8710442","-6.2805993","Alamat","Jl. Raya Kramat Jati RT. 09/10, Kramat Jati, Kampung Tengah, RT.3/RW.10, Kp. Tengah, Kec. Kramat jati, Kota Jakarta Timur, Daerah Khusus Ibukota Jakarta 13510"
"J&T Express Kramat Jati",3.3,266,"Buka ⋅ Tutup pukul 20.00","https://www.google.com/maps/place/J%26T+Express+Kramat+Jati/data=!4m7!3m6!1s0x2e69f2f4e1671c45:0x6b38977aa4c8ad75!8m2!3d-6.2805993!4d106.8710442!16s%2Fg%2F11cmmwlj1f!19sChIJRRxn4fTyaS4Rda3IpHqXOGs?authuser=0&hl=id&rclk=1","https://www.google.com/maps/place/J%26T+Express+Kramat+Jati/@-6.2805993,106.8710442,17z/data=!3m1!4b1!4m6!3m5!1s0x2e69f2f4e1671c45:0x6b38977aa4c8ad75!8m2!3d-6.2805993!4d106.8710442!16s%2Fg%2F11cmmwlj1f?authuser=0&hl=id&entry=ttu","106.8710442","-6.2805993","Situs Web","jet.co.id"
"J&T Express Kramat Jati",3.3,266,"Buka ⋅ Tutup pukul 20.00","https://www.google.com/maps/place/J%26T+Express+Kramat+Jati/data=!4m7!3m6!1s0x2e69f2f4e1671c45:0x6b38977aa4c8ad75!8m2!3d-6.2805993!4d106.8710442!16s%2Fg%2F11cmmwlj1f!19sChIJRRxn4fTyaS4Rda3IpHqXOGs?authuser=0&hl=id&rclk=1","https://www.google.com/maps/place/J%26T+Express+Kramat+Jati/@-6.2805993,106.8710442,17z/data=!3m1!4b1!4m6!3m5!1s0x2e69f2f4e1671c45:0x6b38977aa4c8ad75!8m2!3d-6.2805993!4d106.8710442!16s%2Fg%2F11cmmwlj1f?authuser=0&hl=id&entry=ttu","106.8710442","-6.2805993","Plus Codes","PV9C+QC Kp. Tengah, Kota Jakarta Timur, Daerah Khusus Ibukota Jakarta"
"JNT EXPRESS PRAMUKA RAYA",2.1,16,"Buka ⋅ Tutup pukul 23.59","https://www.google.com/maps/place/JNT+EXPRESS+PRAMUKA+RAYA/data=!4m7!3m6!1s0x2e69f5770123c70b:0x307c2722d5cc855f!8m2!3d-6.1986567!4d106.8552368!16s%2Fg%2F11gtftm_7x!19sChIJC8cjAXf1aS4RX4XM1SInfDA?authuser=0&hl=id&rclk=1","https://www.google.com/maps/place/JNT+EXPRESS+PRAMUKA+RAYA/@-6.1986567,106.8552368,17z/data=!3m1!4b1!4m6!3m5!1s0x2e69f5770123c70b:0x307c2722d5cc855f!8m2!3d-6.1986567!4d106.8552368!16s%2Fg%2F11gtftm_7x?authuser=0&hl=id&entry=ttu","106.8552368","-6.1986567","Alamat","Jl. Pramuka Sari II No.20, RT.3/RW.1, Palmeriam, Kec. Matraman, Kota Jakarta Timur, Daerah Khusus Ibukota Jakarta 13140"
"JNT EXPRESS PRAMUKA RAYA",2.1,16,"Buka ⋅ Tutup pukul 23.59","https://www.google.com/maps/place/JNT+EXPRESS+PRAMUKA+RAYA/data=!4m7!3m6!1s0x2e69f5770123c70b:0x307c2722d5cc855f!8m2!3d-6.1986567!4d106.8552368!16s%2Fg%2F11gtftm_7x!19sChIJC8cjAXf1aS4RX4XM1SInfDA?authuser=0&hl=id&rclk=1","https://www.google.com/maps/place/JNT+EXPRESS+PRAMUKA+RAYA/@-6.1986567,106.8552368,17z/data=!3m1!4b1!4m6!3m5!1s0x2e69f5770123c70b:0x307c2722d5cc855f!8m2!3d-6.1986567!4d106.8552368!16s%2Fg%2F11gtftm_7x?authuser=0&hl=id&entry=ttu","106.8552368","-6.1986567","Telepon","0877-7608-7049"
"JNT EXPRESS PRAMUKA RAYA",2.1,16,"Buka ⋅ Tutup pukul 23.59","https://www.google.com/maps/place/JNT+EXPRESS+PRAMUKA+RAYA/data=!4m7!3m6!1s0x2e69f5770123c70b:0x307c2722d5cc855f!8m2!3d-6.1986567!4d106.8552368!16s%2Fg%2F11gtftm_7x!19sChIJC8cjAXf1aS4RX4XM1SInfDA?authuser=0&hl=id&rclk=1","https://www.google.com/maps/place/JNT+EXPRESS+PRAMUKA+RAYA/@-6.1986567,106.8552368,17z/data=!3m1!4b1!4m6!3m5!1s0x2e69f5770123c70b:0x307c2722d5cc855f!8m2!3d-6.1986567!4d106.8552368!16s%2Fg%2F11gtftm_7x?authuser=0&hl=id&entry=ttu","106.8552368","-6.1986567","Plus Codes","RV24+G3 Palmeriam, Kota Jakarta Timur, Daerah Khusus Ibukota Jakarta"
"J&T Express taruna",4.8,75,"Buka ⋅ Tutup pukul 20.30","https://www.google.com/maps/place/J%26T+Express+taruna/data=!4m7!3m6!1s0x2e69f5285d548f23:0x7ca80623edd8e5d4!8m2!3d-6.1874774!4d106.8995271!16s%2Fg%2F11ff21_0_n!19sChIJI49UXSj1aS4R1OXY7SMGqHw?authuser=0&hl=id&rclk=1","https://www.google.com/maps/place/J%26T+Express+taruna/@-6.1874774,106.8995271,17z/data=!3m1!4b1!4m6!3m5!1s0x2e69f5285d548f23:0x7ca80623edd8e5d4!8m2!3d-6.1874774!4d106.8995271!16s%2Fg%2F11ff21_0_n?authuser=0&hl=id&entry=ttu","106.8995271","-6.1874774","Alamat","Jl. Taruna No.39, RT.2/RW.3, Jati, Kec. Pulo Gadung, Kota Jakarta Timur, Daerah Khusus Ibukota Jakarta 13220"
"J&T Express taruna",4.8,75,"Buka ⋅ Tutup pukul 20.30","https://www.google.com/maps/place/J%26T+Express+taruna/data=!4m7!3m6!1s0x2e69f5285d548f23:0x7ca80623edd8e5d4!8m2!3d-6.1874774!4d106.8995271!16s%2Fg%2F11ff21_0_n!19sChIJI49UXSj1aS4R1OXY7SMGqHw?authuser=0&hl=id&rclk=1","https://www.google.com/maps/place/J%26T+Express+taruna/@-6.1874774,106.8995271,17z/data=!3m1!4b1!4m6!3m5!1s0x2e69f5285d548f23:0x7ca80623edd8e5d4!8m2!3d-6.1874774!4d106.8995271!16s%2Fg%2F11ff21_0_n?authuser=0&hl=id&entry=ttu","106.8995271","-6.1874774","Situs Web","jet.co.id"
"J&T Express taruna",4.8,75,"Buka ⋅ Tutup pukul 20.30","https://www.google.com/maps/place/J%26T+Express+taruna/data=!4m7!3m6!1s0x2e69f5285d548f23:0x7ca80623edd8e5d4!8m2!3d-6.1874774!4d106.8995271!16s%2Fg%2F11ff21_0_n!19sChIJI49UXSj1aS4R1OXY7SMGqHw?authuser=0&hl=id&rclk=1","https://www.google.com/maps/place/J%26T+Express+taruna/@-6.1874774,106.8995271,17z/data=!3m1!4b1!4m6!3m5!1s0x2e69f5285d548f23:0x7ca80623edd8e5d4!8m2!3d-6.1874774!4d106.8995271!16s%2Fg%2F11ff21_0_n?authuser=0&hl=id&entry=ttu","106.8995271","-6.1874774","Plus Codes","RV7X+2R Jati, Kota Jakarta Timur, Daerah Khusus Ibukota Jakarta"
"J&T Express CP Pondok Bambu (Khusus Pickup dan Drop Off Paket bukan DELIVERY)",3.7,62,"","https://www.google.com/maps/place/J%26T+Express+CP+Pondok+Bambu+%28Khusus+Pickup+dan+Drop+Off+Paket+bukan+DELIVERY%29/data=!4m7!3m6!1s0x2e698db428dcf683:0x59cda2cd81e1bbc2!8m2!3d-6.2391323!4d106.904634!16s%2Fg%2F11j93y337b!19sChIJg_bcKLSNaS4Rwrvhgc2izVk?authuser=0&hl=id&rclk=1","https://www.google.com/maps/place/J%26T+Express+CP+Pondok+Bambu+(Khusus+Pickup+dan+Drop+Off+Paket+bukan+DELIVERY)/@-6.2391323,106.904634,17z/data=!3m1!4b1!4m6!3m5!1s0x2e698db428dcf683:0x59cda2cd81e1bbc2!8m2!3d-6.2391323!4d106.904634!16s%2Fg%2F11j93y337b?authuser=0&hl=id&entry=ttu","106.904634","-6.2391323","Alamat","2, Jl. Kejaksaan No.7C, RW.8, Pd. Bambu, Kec. Duren Sawit, Kota Jakarta Timur, Daerah Khusus Ibukota Jakarta 13430"
"J&T Express CP Pondok Bambu (Khusus Pickup dan Drop Off Paket bukan DELIVERY)",3.7,62,"","https://www.google.com/maps/place/J%26T+Express+CP+Pondok+Bambu+%28Khusus+Pickup+dan+Drop+Off+Paket+bukan+DELIVERY%29/data=!4m7!3m6!1s0x2e698db428dcf683:0x59cda2cd81e1bbc2!8m2!3d-6.2391323!4d106.904634!16s%2Fg%2F11j93y337b!19sChIJg_bcKLSNaS4Rwrvhgc2izVk?authuser=0&hl=id&rclk=1","https://www.google.com/maps/place/J%26T+Express+CP+Pondok+Bambu+(Khusus+Pickup+dan+Drop+Off+Paket+bukan+DELIVERY)/@-6.2391323,106.904634,17z/data=!3m1!4b1!4m6!3m5!1s0x2e698db428dcf683:0x59cda2cd81e1bbc2!8m2!3d-6.2391323!4d106.904634!16s%2Fg%2F11j93y337b?authuser=0&hl=id&entry=ttu","106.904634","-6.2391323","Telepon","(021) 22814931"
"J&T Express CP Pondok Bambu (Khusus Pickup dan Drop Off Paket bukan DELIVERY)",3.7,62,"","https://www.google.com/maps/place/J%26T+Express+CP+Pondok+Bambu+%28Khusus+Pickup+dan+Drop+Off+Paket+bukan+DELIVERY%29/data=!4m7!3m6!1s0x2e698db428dcf683:0x59cda2cd81e1bbc2!8m2!3d-6.2391323!4d106.904634!16s%2Fg%2F11j93y337b!19sChIJg_bcKLSNaS4Rwrvhgc2izVk?authuser=0&hl=id&rclk=1","https://www.google.com/maps/place/J%26T+Express+CP+Pondok+Bambu+(Khusus+Pickup+dan+Drop+Off+Paket+bukan+DELIVERY)/@-6.2391323,106.904634,17z/data=!3m1!4b1!4m6!3m5!1s0x2e698db428dcf683:0x59cda2cd81e1bbc2!8m2!3d-6.2391323!4d106.904634!16s%2Fg%2F11j93y337b?authuser=0&hl=id&entry=ttu","106.904634","-6.2391323","Plus Codes","QW63+8V Pd. Bambu, Kota Jakarta Timur, Daerah Khusus Ibukota Jakarta"
"J&T Express Cipinang Cempedak",4,82,"Buka ⋅ Tutup pukul 21.30","https://www.google.com/maps/place/J%26T+Express+Cipinang+Cempedak/data=!4m7!3m6!1s0x2e69f373d08607d9:0xde32f40ed1c4a7d9!8m2!3d-6.231453!4d106.873233!16s%2Fg%2F11gdyvqcvs!19sChIJ2QeG0HPzaS4R2afE0Q70Mt4?authuser=0&hl=id&rclk=1","https://www.google.com/maps/place/J%26T+Express+Cipinang+Cempedak/@-6.231453,106.873233,17z/data=!3m1!4b1!4m6!3m5!1s0x2e69f373d08607d9:0xde32f40ed1c4a7d9!8m2!3d-6.231453!4d106.873233!16s%2Fg%2F11gdyvqcvs?authuser=0&hl=id&entry=ttu","106.873233","-6.231453","Alamat","Jl. Otista 3 No.3, RT.3/RW.4, Cipinang Cempedak, Jatinegara, East Jakarta City, Jakarta 13340"
"J&T Express Cipinang Cempedak",4,82,"Buka ⋅ Tutup pukul 21.30","https://www.google.com/maps/place/J%26T+Express+Cipinang+Cempedak/data=!4m7!3m6!1s0x2e69f373d08607d9:0xde32f40ed1c4a7d9!8m2!3d-6.231453!4d106.873233!16s%2Fg%2F11gdyvqcvs!19sChIJ2QeG0HPzaS4R2afE0Q70Mt4?authuser=0&hl=id&rclk=1","https://www.google.com/maps/place/J%26T+Express+Cipinang+Cempedak/@-6.231453,106.873233,17z/data=!3m1!4b1!4m6!3m5!1s0x2e69f373d08607d9:0xde32f40ed1c4a7d9!8m2!3d-6.231453!4d106.873233!16s%2Fg%2F11gdyvqcvs?authuser=0&hl=id&entry=ttu","106.873233","-6.231453","Situs Web","jet.co.id"
"J&T Express Cipinang Cempedak",4,82,"Buka ⋅ Tutup pukul 21.30","https://www.google.com/maps/place/J%26T+Express+Cipinang+Cempedak/data=!4m7!3m6!1s0x2e69f373d08607d9:0xde32f40ed1c4a7d9!8m2!3d-6.231453!4d106.873233!16s%2Fg%2F11gdyvqcvs!19sChIJ2QeG0HPzaS4R2afE0Q70Mt4?authuser=0&hl=id&rclk=1","https://www.google.com/maps/place/J%26T+Express+Cipinang+Cempedak/@-6.231453,106.873233,17z/data=!3m1!4b1!4m6!3m5!1s0x2e69f373d08607d9:0xde32f40ed1c4a7d9!8m2!3d-6.231453!4d106.873233!16s%2Fg%2F11gdyvqcvs?authuser=0&hl=id&entry=ttu","106.873233","-6.231453","Plus Codes","QV9F+C7 Cipinang Cempedak, Kota Jakarta Timur, Daerah Khusus Ibukota Jakarta"
"J&T Express Duren Sawit",3.6,509,"Buka ⋅ Tutup pukul 22.00","https://www.google.com/maps/place/J%26T+Express+Duren+Sawit/data=!4m7!3m6!1s0x2e69f34cabeb3ee5:0xc75c4292b55470ce!8m2!3d-6.2293345!4d106.9186963!16s%2Fg%2F11c1ncskcb!19sChIJ5T7rq0zzaS4RznBUtZJCXMc?authuser=0&hl=id&rclk=1","https://www.google.com/maps/place/J%26T+Express+Duren+Sawit/@-6.2293345,106.9186963,17z/data=!3m1!4b1!4m6!3m5!1s0x2e69f34cabeb3ee5:0xc75c4292b55470ce!8m2!3d-6.2293345!4d106.9186963!16s%2Fg%2F11c1ncskcb?authuser=0&hl=id&entry=ttu","106.9186963","-6.2293345","Alamat","Jl. Pendidikan Raya No.34, RT.11 2 2, RT.11/RW.2, Duren Sawit, Kec. Duren Sawit, Kota Jakarta Timur, Daerah Khusus Ibukota Jakarta 13440"
"J&T Express Duren Sawit",3.6,509,"Buka ⋅ Tutup pukul 22.00","https://www.google.com/maps/place/J%26T+Express+Duren+Sawit/data=!4m7!3m6!1s0x2e69f34cabeb3ee5:0xc75c4292b55470ce!8m2!3d-6.2293345!4d106.9186963!16s%2Fg%2F11c1ncskcb!19sChIJ5T7rq0zzaS4RznBUtZJCXMc?authuser=0&hl=id&rclk=1","https://www.google.com/maps/place/J%26T+Express+Duren+Sawit/@-6.2293345,106.9186963,17z/data=!3m1!4b1!4m6!3m5!1s0x2e69f34cabeb3ee5:0xc75c4292b55470ce!8m2!3d-6.2293345!4d106.9186963!16s%2Fg%2F11c1ncskcb?authuser=0&hl=id&entry=ttu","106.9186963","-6.2293345","Situs Web","jet.co.id"
"J&T Express Duren Sawit",3.6,509,"Buka ⋅ Tutup pukul 22.00","https://www.google.com/maps/place/J%26T+Express+Duren+Sawit/data=!4m7!3m6!1s0x2e69f34cabeb3ee5:0xc75c4292b55470ce!8m2!3d-6.2293345!4d106.9186963!16s%2Fg%2F11c1ncskcb!19sChIJ5T7rq0zzaS4RznBUtZJCXMc?authuser=0&hl=id&rclk=1","https://www.google.com/maps/place/J%26T+Express+Duren+Sawit/@-6.2293345,106.9186963,17z/data=!3m1!4b1!4m6!3m5!1s0x2e69f34cabeb3ee5:0xc75c4292b55470ce!8m2!3d-6.2293345!4d106.9186963!16s%2Fg%2F11c1ncskcb?authuser=0&hl=id&entry=ttu","106.9186963","-6.2293345","Telepon","0800 1001188"
"J&T Express Duren Sawit",3.6,509,"Buka ⋅ Tutup pukul 22.00","https://www.google.com/maps/place/J%26T+Express+Duren+Sawit/data=!4m7!3m6!1s0x2e69f34cabeb3ee5:0xc75c4292b55470ce!8m2!3d-6.2293345!4d106.9186963!16s%2Fg%2F11c1ncskcb!19sChIJ5T7rq0zzaS4RznBUtZJCXMc?authuser=0&hl=id&rclk=1","https://www.google.com/maps/place/J%26T+Express+Duren+Sawit/@-6.2293345,106.9186963,17z/data=!3m1!4b1!4m6!3m5!1s0x2e69f34cabeb3ee5:0xc75c4292b55470ce!8m2!3d-6.2293345!4d106.9186963!16s%2Fg%2F11c1ncskcb?authuser=0&hl=id&entry=ttu","106.9186963","-6.2293345","Plus Codes","QWC9+7F Duren Sawit, Kota Jakarta Timur, Daerah Khusus Ibukota Jakarta"
"J&T Express Muara Raya",4.7,58,"Buka ⋅ Tutup pukul 21.30","https://www.google.com/maps/place/J%26T+Express+Muara+Raya/data=!4m7!3m6!1s0x2e69f35d2d347d9f:0x92bba113c50cd633!8m2!3d-6.2253666!4d106.8908563!16s%2Fg%2F11f0wlvjz4!19sChIJn300LV3zaS4RM9YMxROhu5I?authuser=0&hl=id&rclk=1","https://www.google.com/maps/place/J%26T+Express+Muara+Raya/@-6.2253666,106.8908563,17z/data=!3m1!4b1!4m6!3m5!1s0x2e69f35d2d347d9f:0x92bba113c50cd633!8m2!3d-6.2253666!4d106.8908563!16s%2Fg%2F11f0wlvjz4?authuser=0&hl=id&entry=ttu","106.8908563","-6.2253666","Alamat","Jl. Cipinang Muara Raya No.18C, RT.4/RW.3, Cipinang Muara, Kecamatan Jatinegara, Kota Jakarta Timur, Daerah Khusus Ibukota Jakarta 13420"
"J&T Express Muara Raya",4.7,58,"Buka ⋅ Tutup pukul 21.30","https://www.google.com/maps/place/J%26T+Express+Muara+Raya/data=!4m7!3m6!1s0x2e69f35d2d347d9f:0x92bba113c50cd633!8m2!3d-6.2253666!4d106.8908563!16s%2Fg%2F11f0wlvjz4!19sChIJn300LV3zaS4RM9YMxROhu5I?authuser=0&hl=id&rclk=1","https://www.google.com/maps/place/J%26T+Express+Muara+Raya/@-6.2253666,106.8908563,17z/data=!3m1!4b1!4m6!3m5!1s0x2e69f35d2d347d9f:0x92bba113c50cd633!8m2!3d-6.2253666!4d106.8908563!16s%2Fg%2F11f0wlvjz4?authuser=0&hl=id&entry=ttu","106.8908563","-6.2253666","Telepon","(021) 21015546"
"J&T Express Muara Raya",4.7,58,"Buka ⋅ Tutup pukul 21.30","https://www.google.com/maps/place/J%26T+Express+Muara+Raya/data=!4m7!3m6!1s0x2e69f35d2d347d9f:0x92bba113c50cd633!8m2!3d-6.2253666!4d106.8908563!16s%2Fg%2F11f0wlvjz4!19sChIJn300LV3zaS4RM9YMxROhu5I?authuser=0&hl=id&rclk=1","https://www.google.com/maps/place/J%26T+Express+Muara+Raya/@-6.2253666,106.8908563,17z/data=!3m1!4b1!4m6!3m5!1s0x2e69f35d2d347d9f:0x92bba113c50cd633!8m2!3d-6.2253666!4d106.8908563!16s%2Fg%2F11f0wlvjz4?authuser=0&hl=id&entry=ttu","106.8908563","-6.2253666","Plus Codes","QVFR+V8 Cipinang Muara, Kota Jakarta Timur, Daerah Khusus Ibukota Jakarta"
"J&T Express",NA,NA,"unknown","https://www.google.com/maps/place/J%26T+Express/data=!4m7!3m6!1s0x2e69f5cbb5c9246d:0xf26c8f9a62ad11!8m2!3d-6.202076!4d106.878576!16s%2Fg%2F11srg_nl92!19sChIJbSTJtcv1aS4REa1imo9s8gA?authuser=0&hl=id&rclk=1","https://www.google.com/maps/place/J%26T+Express/@-6.202076,106.878576,17z/data=!3m1!4b1!4m6!3m5!1s0x2e69f5cbb5c9246d:0xf26c8f9a62ad11!8m2!3d-6.202076!4d106.878576!16s%2Fg%2F11srg_nl92?authuser=0&hl=id&entry=ttu","106.878576","-6.202076","Alamat","Jl. Bujana Tirta Raya No.6, RT.6/RW.13, Rawamangun, Kec. Pulo Gadung, Kota Jakarta Timur, Daerah Khusus Ibukota Jakarta 13230"
"J&T Express",NA,NA,"unknown","https://www.google.com/maps/place/J%26T+Express/data=!4m7!3m6!1s0x2e69f5cbb5c9246d:0xf26c8f9a62ad11!8m2!3d-6.202076!4d106.878576!16s%2Fg%2F11srg_nl92!19sChIJbSTJtcv1aS4REa1imo9s8gA?authuser=0&hl=id&rclk=1","https://www.google.com/maps/place/J%26T+Express/@-6.202076,106.878576,17z/data=!3m1!4b1!4m6!3m5!1s0x2e69f5cbb5c9246d:0xf26c8f9a62ad11!8m2!3d-6.202076!4d106.878576!16s%2Fg%2F11srg_nl92?authuser=0&hl=id&entry=ttu","106.878576","-6.202076","Plus Codes","QVXH+5C Rawamangun, Kota Jakarta Timur, Daerah Khusus Ibukota Jakarta"
"J&T Express Cipinang Indah",4.1,48,"","https://www.google.com/maps/place/J%26T+Express+Cipinang+Indah/data=!4m7!3m6!1s0x2e69f35fcbb0a0c7:0x7e76571eed89857!8m2!3d-6.2380633!4d106.8937591!16s%2Fg%2F11h22x0nky!19sChIJx6Cwy1_zaS4RV5jY7nFl5wc?authuser=0&hl=id&rclk=1","https://www.google.com/maps/place/J%26T+Express+Cipinang+Indah/@-6.2380633,106.8937591,17z/data=!3m1!4b1!4m6!3m5!1s0x2e69f35fcbb0a0c7:0x7e76571eed89857!8m2!3d-6.2380633!4d106.8937591!16s%2Fg%2F11h22x0nky?authuser=0&hl=id&entry=ttu","106.8937591","-6.2380633","Alamat","Komplek, Jl. Cendrawasih Blok A / 16, Jl. Cipinang Indah Raya II, RT.18/RW.3, Pd. Bambu, Kec. Duren Sawit, Kota Jakarta Timur, Daerah Khusus Ibukota Jakarta 13430"
"J&T Express Cipinang Indah",4.1,48,"","https://www.google.com/maps/place/J%26T+Express+Cipinang+Indah/data=!4m7!3m6!1s0x2e69f35fcbb0a0c7:0x7e76571eed89857!8m2!3d-6.2380633!4d106.8937591!16s%2Fg%2F11h22x0nky!19sChIJx6Cwy1_zaS4RV5jY7nFl5wc?authuser=0&hl=id&rclk=1","https://www.google.com/maps/place/J%26T+Express+Cipinang+Indah/@-6.2380633,106.8937591,17z/data=!3m1!4b1!4m6!3m5!1s0x2e69f35fcbb0a0c7:0x7e76571eed89857!8m2!3d-6.2380633!4d106.8937591!16s%2Fg%2F11h22x0nky?authuser=0&hl=id&entry=ttu","106.8937591","-6.2380633","Terletak di","Indomaret Cipinang indah"
"J&T Express Cipinang Indah",4.1,48,"","https://www.google.com/maps/place/J%26T+Express+Cipinang+Indah/data=!4m7!3m6!1s0x2e69f35fcbb0a0c7:0x7e76571eed89857!8m2!3d-6.2380633!4d106.8937591!16s%2Fg%2F11h22x0nky!19sChIJx6Cwy1_zaS4RV5jY7nFl5wc?authuser=0&hl=id&rclk=1","https://www.google.com/maps/place/J%26T+Express+Cipinang+Indah/@-6.2380633,106.8937591,17z/data=!3m1!4b1!4m6!3m5!1s0x2e69f35fcbb0a0c7:0x7e76571eed89857!8m2!3d-6.2380633!4d106.8937591!16s%2Fg%2F11h22x0nky?authuser=0&hl=id&entry=ttu","106.8937591","-6.2380633","Telepon","0812-9850-1010"
"J&T Express Cipinang Indah",4.1,48,"","https://www.google.com/maps/place/J%26T+Express+Cipinang+Indah/data=!4m7!3m6!1s0x2e69f35fcbb0a0c7:0x7e76571eed89857!8m2!3d-6.2380633!4d106.8937591!16s%2Fg%2F11h22x0nky!19sChIJx6Cwy1_zaS4RV5jY7nFl5wc?authuser=0&hl=id&rclk=1","https://www.google.com/maps/place/J%26T+Express+Cipinang+Indah/@-6.2380633,106.8937591,17z/data=!3m1!4b1!4m6!3m5!1s0x2e69f35fcbb0a0c7:0x7e76571eed89857!8m2!3d-6.2380633!4d106.8937591!16s%2Fg%2F11h22x0nky?authuser=0&hl=id&entry=ttu","106.8937591","-6.2380633","Plus Codes","QV6V+QG Pd. Bambu, Kota Jakarta Timur, Daerah Khusus Ibukota Jakarta"
"J&T Express Squadron",4.5,34,"Buka ⋅ Tutup pukul 21.00","https://www.google.com/maps/place/J%26T+Express+Squadron/data=!4m7!3m6!1s0x2e69f2efddf18b33:0xee0e93f0def064e9!8m2!3d-6.2679383!4d106.8771524!16s%2Fg%2F11ghs70vdn!19sChIJM4vx3e_yaS4R6WTw3vCTDu4?authuser=0&hl=id&rclk=1","https://www.google.com/maps/place/J%26T+Express+Squadron/@-6.2679383,106.8771524,17z/data=!3m1!4b1!4m6!3m5!1s0x2e69f2efddf18b33:0xee0e93f0def064e9!8m2!3d-6.2679383!4d106.8771524!16s%2Fg%2F11ghs70vdn?authuser=0&hl=id&entry=ttu","106.8771524","-6.2679383","Alamat","Jl. Dago No.1, RT.8/RW.3, Makasar, Kec. Makasar, Kota Jakarta Timur, Daerah Khusus Ibukota Jakarta 13560"
"J&T Express Squadron",4.5,34,"Buka ⋅ Tutup pukul 21.00","https://www.google.com/maps/place/J%26T+Express+Squadron/data=!4m7!3m6!1s0x2e69f2efddf18b33:0xee0e93f0def064e9!8m2!3d-6.2679383!4d106.8771524!16s%2Fg%2F11ghs70vdn!19sChIJM4vx3e_yaS4R6WTw3vCTDu4?authuser=0&hl=id&rclk=1","https://www.google.com/maps/place/J%26T+Express+Squadron/@-6.2679383,106.8771524,17z/data=!3m1!4b1!4m6!3m5!1s0x2e69f2efddf18b33:0xee0e93f0def064e9!8m2!3d-6.2679383!4d106.8771524!16s%2Fg%2F11ghs70vdn?authuser=0&hl=id&entry=ttu","106.8771524","-6.2679383","Telepon","0812-8015-9783"
"J&T Express Squadron",4.5,34,"Buka ⋅ Tutup pukul 21.00","https://www.google.com/maps/place/J%26T+Express+Squadron/data=!4m7!3m6!1s0x2e69f2efddf18b33:0xee0e93f0def064e9!8m2!3d-6.2679383!4d106.8771524!16s%2Fg%2F11ghs70vdn!19sChIJM4vx3e_yaS4R6WTw3vCTDu4?authuser=0&hl=id&rclk=1","https://www.google.com/maps/place/J%26T+Express+Squadron/@-6.2679383,106.8771524,17z/data=!3m1!4b1!4m6!3m5!1s0x2e69f2efddf18b33:0xee0e93f0def064e9!8m2!3d-6.2679383!4d106.8771524!16s%2Fg%2F11ghs70vdn?authuser=0&hl=id&entry=ttu","106.8771524","-6.2679383","Plus Codes","PVJG+RV Makasar, Kota Jakarta Timur, Daerah Khusus Ibukota Jakarta"
"J&T Express Penggilingan",3.4,190,"Buka ⋅ Tutup pukul 22.00","https://www.google.com/maps/place/J%26T+Express+Penggilingan/data=!4m7!3m6!1s0x2e698b3cdae293dd:0xa46f28fae796cea3!8m2!3d-6.1993222!4d106.9351231!16s%2Fg%2F11c75v9zmt!19sChIJ3ZPi2jyLaS4Ro86W5_oob6Q?authuser=0&hl=id&rclk=1","https://www.google.com/maps/place/J%26T+Express+Penggilingan/@-6.1993222,106.9351231,17z/data=!3m1!4b1!4m6!3m5!1s0x2e698b3cdae293dd:0xa46f28fae796cea3!8m2!3d-6.1993222!4d106.9351231!16s%2Fg%2F11c75v9zmt?authuser=0&hl=id&entry=ttu","106.9351231","-6.1993222","Alamat","JL. RAYA PENGGILINGAN NO. 09 RT 004/006 KEL, PENGGILINGAN KEC. CAKUNG, RT.6/RW.1, Cakung Bar., Kec. Cakung, Kota Jakarta Timur, Daerah Khusus Ibukota Jakarta 13910"
"J&T Express Penggilingan",3.4,190,"Buka ⋅ Tutup pukul 22.00","https://www.google.com/maps/place/J%26T+Express+Penggilingan/data=!4m7!3m6!1s0x2e698b3cdae293dd:0xa46f28fae796cea3!8m2!3d-6.1993222!4d106.9351231!16s%2Fg%2F11c75v9zmt!19sChIJ3ZPi2jyLaS4Ro86W5_oob6Q?authuser=0&hl=id&rclk=1","https://www.google.com/maps/place/J%26T+Express+Penggilingan/@-6.1993222,106.9351231,17z/data=!3m1!4b1!4m6!3m5!1s0x2e698b3cdae293dd:0xa46f28fae796cea3!8m2!3d-6.1993222!4d106.9351231!16s%2Fg%2F11c75v9zmt?authuser=0&hl=id&entry=ttu","106.9351231","-6.1993222","Situs Web","jet.co.id"
"J&T Express Penggilingan",3.4,190,"Buka ⋅ Tutup pukul 22.00","https://www.google.com/maps/place/J%26T+Express+Penggilingan/data=!4m7!3m6!1s0x2e698b3cdae293dd:0xa46f28fae796cea3!8m2!3d-6.1993222!4d106.9351231!16s%2Fg%2F11c75v9zmt!19sChIJ3ZPi2jyLaS4Ro86W5_oob6Q?authuser=0&hl=id&rclk=1","https://www.google.com/maps/place/J%26T+Express+Penggilingan/@-6.1993222,106.9351231,17z/data=!3m1!4b1!4m6!3m5!1s0x2e698b3cdae293dd:0xa46f28fae796cea3!8m2!3d-6.1993222!4d106.9351231!16s%2Fg%2F11c75v9zmt?authuser=0&hl=id&entry=ttu","106.9351231","-6.1993222","Telepon","(021) 22468805"
"J&T Express Penggilingan",3.4,190,"Buka ⋅ Tutup pukul 22.00","https://www.google.com/maps/place/J%26T+Express+Penggilingan/data=!4m7!3m6!1s0x2e698b3cdae293dd:0xa46f28fae796cea3!8m2!3d-6.1993222!4d106.9351231!16s%2Fg%2F11c75v9zmt!19sChIJ3ZPi2jyLaS4Ro86W5_oob6Q?authuser=0&hl=id&rclk=1","https://www.google.com/maps/place/J%26T+Express+Penggilingan/@-6.1993222,106.9351231,17z/data=!3m1!4b1!4m6!3m5!1s0x2e698b3cdae293dd:0xa46f28fae796cea3!8m2!3d-6.1993222!4d106.9351231!16s%2Fg%2F11c75v9zmt?authuser=0&hl=id&entry=ttu","106.9351231","-6.1993222","Plus Codes","RW2P+72 Cakung Bar., Kota Jakarta Timur, Daerah Khusus Ibukota Jakarta"
"J&T EXPRESS PISANGAN BARU 1",5,3,"Buka ⋅ Tutup pukul 18.00","https://www.google.com/maps/place/J%26T+EXPRESS+PISANGAN+BARU+1/data=!4m7!3m6!1s0x2e69f59cf5dbf913:0x9c2ba8c852db4278!8m2!3d-6.2094068!4d106.8728651!16s%2Fg%2F11s967w14b!19sChIJE_nb9Zz1aS4ReELbUsioK5w?authuser=0&hl=id&rclk=1","https://www.google.com/maps/place/J%26T+EXPRESS+PISANGAN+BARU+1/@-6.2094068,106.8728651,17z/data=!3m1!4b1!4m6!3m5!1s0x2e69f59cf5dbf913:0x9c2ba8c852db4278!8m2!3d-6.2094068!4d106.8728651!16s%2Fg%2F11s967w14b?authuser=0&hl=id&entry=ttu","106.8728651","-6.2094068","Alamat","Jl. Arjuna I No.8, RW.7, South Utan Kayu, Matraman, East Jakarta City, Jakarta 13110"
"J&T EXPRESS PISANGAN BARU 1",5,3,"Buka ⋅ Tutup pukul 18.00","https://www.google.com/maps/place/J%26T+EXPRESS+PISANGAN+BARU+1/data=!4m7!3m6!1s0x2e69f59cf5dbf913:0x9c2ba8c852db4278!8m2!3d-6.2094068!4d106.8728651!16s%2Fg%2F11s967w14b!19sChIJE_nb9Zz1aS4ReELbUsioK5w?authuser=0&hl=id&rclk=1","https://www.google.com/maps/place/J%26T+EXPRESS+PISANGAN+BARU+1/@-6.2094068,106.8728651,17z/data=!3m1!4b1!4m6!3m5!1s0x2e69f59cf5dbf913:0x9c2ba8c852db4278!8m2!3d-6.2094068!4d106.8728651!16s%2Fg%2F11s967w14b?authuser=0&hl=id&entry=ttu","106.8728651","-6.2094068","Telepon","0895-2929-9239"
"J&T EXPRESS PISANGAN BARU 1",5,3,"Buka ⋅ Tutup pukul 18.00","https://www.google.com/maps/place/J%26T+EXPRESS+PISANGAN+BARU+1/data=!4m7!3m6!1s0x2e69f59cf5dbf913:0x9c2ba8c852db4278!8m2!3d-6.2094068!4d106.8728651!16s%2Fg%2F11s967w14b!19sChIJE_nb9Zz1aS4ReELbUsioK5w?authuser=0&hl=id&rclk=1","https://www.google.com/maps/place/J%26T+EXPRESS+PISANGAN+BARU+1/@-6.2094068,106.8728651,17z/data=!3m1!4b1!4m6!3m5!1s0x2e69f59cf5dbf913:0x9c2ba8c852db4278!8m2!3d-6.2094068!4d106.8728651!16s%2Fg%2F11s967w14b?authuser=0&hl=id&entry=ttu","106.8728651","-6.2094068","Plus Codes","QVRF+64 Utan Kayu Sel., Kota Jakarta Timur, Daerah Khusus Ibukota Jakarta"
"Jnt",5,1,"unknown","https://www.google.com/maps/place/Jnt/data=!4m7!3m6!1s0x2e69f5f1fb37cf5b:0x2e4882a2fa74e1c9!8m2!3d-6.1865871!4d106.8780098!16s%2Fg%2F11j1hq1l5r!19sChIJW883-_H1aS4RyeF0-qKCSC4?authuser=0&hl=id&rclk=1","https://www.google.com/maps/place/Jnt/@-6.1865871,106.8780098,17z/data=!3m1!4b1!4m6!3m5!1s0x2e69f5f1fb37cf5b:0x2e4882a2fa74e1c9!8m2!3d-6.1865871!4d106.8780098!16s%2Fg%2F11j1hq1l5r?authuser=0&hl=id&entry=ttu","106.8780098","-6.1865871","Alamat","RV7H+966, RT.9/RW.7, Rawamangun, Kec. Pulo Gadung, Kota Jakarta Timur, Daerah Khusus Ibukota Jakarta 13210"
"J&T Express Kalimalang",4.7,57,"Buka ⋅ Tutup pukul 22.00","https://www.google.com/maps/place/J%26T+Express+Kalimalang/data=!4m7!3m6!1s0x2e69f342b58c3681:0x5126f5c1ee8a8cb3!8m2!3d-6.2442719!4d106.9008365!16s%2Fg%2F11h4lpc31z!19sChIJgTaMtULzaS4Rs4yK7sH1JlE?authuser=0&hl=id&rclk=1","https://www.google.com/maps/place/J%26T+Express+Kalimalang/@-6.2442719,106.9008365,17z/data=!3m1!4b1!4m6!3m5!1s0x2e69f342b58c3681:0x5126f5c1ee8a8cb3!8m2!3d-6.2442719!4d106.9008365!16s%2Fg%2F11h4lpc31z?authuser=0&hl=id&entry=ttu","106.9008365","-6.2442719","Alamat","Komplek Pusbinal, Jl. Raya Kalimalang No.A7, RT.6/RW.12, Pondok Bambu, Durensawit, East Jakarta City, Jakarta 13430"
"J&T Express Kalimalang",4.7,57,"Buka ⋅ Tutup pukul 22.00","https://www.google.com/maps/place/J%26T+Express+Kalimalang/data=!4m7!3m6!1s0x2e69f342b58c3681:0x5126f5c1ee8a8cb3!8m2!3d-6.2442719!4d106.9008365!16s%2Fg%2F11h4lpc31z!19sChIJgTaMtULzaS4Rs4yK7sH1JlE?authuser=0&hl=id&rclk=1","https://www.google.com/maps/place/J%26T+Express+Kalimalang/@-6.2442719,106.9008365,17z/data=!3m1!4b1!4m6!3m5!1s0x2e69f342b58c3681:0x5126f5c1ee8a8cb3!8m2!3d-6.2442719!4d106.9008365!16s%2Fg%2F11h4lpc31z?authuser=0&hl=id&entry=ttu","106.9008365","-6.2442719","Situs Web","jet.co.id"
"J&T Express Kalimalang",4.7,57,"Buka ⋅ Tutup pukul 22.00","https://www.google.com/maps/place/J%26T+Express+Kalimalang/data=!4m7!3m6!1s0x2e69f342b58c3681:0x5126f5c1ee8a8cb3!8m2!3d-6.2442719!4d106.9008365!16s%2Fg%2F11h4lpc31z!19sChIJgTaMtULzaS4Rs4yK7sH1JlE?authuser=0&hl=id&rclk=1","https://www.google.com/maps/place/J%26T+Express+Kalimalang/@-6.2442719,106.9008365,17z/data=!3m1!4b1!4m6!3m5!1s0x2e69f342b58c3681:0x5126f5c1ee8a8cb3!8m2!3d-6.2442719!4d106.9008365!16s%2Fg%2F11h4lpc31z?authuser=0&hl=id&entry=ttu","106.9008365","-6.2442719","Plus Codes","QW42+78 Pd. Bambu, Kota Jakarta Timur, Daerah Khusus Ibukota Jakarta"
"J&T Express Pahlawan Jayakarta",3.2,31,"Buka ⋅ Tutup pukul 21.00","https://www.google.com/maps/place/J%26T+Express+Pahlawan+Jayakarta/data=!4m7!3m6!1s0x2e69f5a2982d91cb:0x7af46057ada76963!8m2!3d-6.2026248!4d106.8998151!16s%2Fg%2F11h2q14ltw!19sChIJy5EtmKL1aS4RY2mnrVdg9Ho?authuser=0&hl=id&rclk=1","https://www.google.com/maps/place/J%26T+Express+Pahlawan+Jayakarta/@-6.2026248,106.8998151,17z/data=!3m1!4b1!4m6!3m5!1s0x2e69f5a2982d91cb:0x7af46057ada76963!8m2!3d-6.2026248!4d106.8998151!16s%2Fg%2F11h2q14ltw?authuser=0&hl=id&entry=ttu","106.8998151","-6.2026248","Alamat","11, Jl. Jatinegara Kaum No.27, RT.11/RW.3, Jatinegara Kaum, Kec. Pulo Gadung, Kota Jakarta Timur, Daerah Khusus Ibukota Jakarta 13250"
"J&T Express Pahlawan Jayakarta",3.2,31,"Buka ⋅ Tutup pukul 21.00","https://www.google.com/maps/place/J%26T+Express+Pahlawan+Jayakarta/data=!4m7!3m6!1s0x2e69f5a2982d91cb:0x7af46057ada76963!8m2!3d-6.2026248!4d106.8998151!16s%2Fg%2F11h2q14ltw!19sChIJy5EtmKL1aS4RY2mnrVdg9Ho?authuser=0&hl=id&rclk=1","https://www.google.com/maps/place/J%26T+Express+Pahlawan+Jayakarta/@-6.2026248,106.8998151,17z/data=!3m1!4b1!4m6!3m5!1s0x2e69f5a2982d91cb:0x7af46057ada76963!8m2!3d-6.2026248!4d106.8998151!16s%2Fg%2F11h2q14ltw?authuser=0&hl=id&entry=ttu","106.8998151","-6.2026248","Telepon","0813-1008-2871"
"J&T Express Pahlawan Jayakarta",3.2,31,"Buka ⋅ Tutup pukul 21.00","https://www.google.com/maps/place/J%26T+Express+Pahlawan+Jayakarta/data=!4m7!3m6!1s0x2e69f5a2982d91cb:0x7af46057ada76963!8m2!3d-6.2026248!4d106.8998151!16s%2Fg%2F11h2q14ltw!19sChIJy5EtmKL1aS4RY2mnrVdg9Ho?authuser=0&hl=id&rclk=1","https://www.google.com/maps/place/J%26T+Express+Pahlawan+Jayakarta/@-6.2026248,106.8998151,17z/data=!3m1!4b1!4m6!3m5!1s0x2e69f5a2982d91cb:0x7af46057ada76963!8m2!3d-6.2026248!4d106.8998151!16s%2Fg%2F11h2q14ltw?authuser=0&hl=id&entry=ttu","106.8998151","-6.2026248","Plus Codes","QVWX+XW Jatinegara Kaum, Kota Jakarta Timur, Daerah Khusus Ibukota Jakarta"
"J&T Express JGC",3.9,140,"Buka ⋅ Tutup pukul 20.00","https://www.google.com/maps/place/J%26T+Express+JGC/data=!4m7!3m6!1s0x2e698ae17d515a63:0x2a879ad71f4be12b!8m2!3d-6.1802374!4d106.9524362!16s%2Fg%2F11c75vhhxm!19sChIJY1pRfeGKaS4RK-FLH9eahyo?authuser=0&hl=id&rclk=1","https://www.google.com/maps/place/J%26T+Express+JGC/@-6.1802374,106.9524362,17z/data=!3m1!4b1!4m6!3m5!1s0x2e698ae17d515a63:0x2a879ad71f4be12b!8m2!3d-6.1802374!4d106.9524362!16s%2Fg%2F11c75vhhxm?authuser=0&hl=id&entry=ttu","106.9524362","-6.1802374","Alamat","Jl. Jkt Garden City Boulevard No.10, RW.9, Cakung Tim., Kec. Cakung, Kota Jakarta Timur, Daerah Khusus Ibukota Jakarta 13910"
"J&T Express JGC",3.9,140,"Buka ⋅ Tutup pukul 20.00","https://www.google.com/maps/place/J%26T+Express+JGC/data=!4m7!3m6!1s0x2e698ae17d515a63:0x2a879ad71f4be12b!8m2!3d-6.1802374!4d106.9524362!16s%2Fg%2F11c75vhhxm!19sChIJY1pRfeGKaS4RK-FLH9eahyo?authuser=0&hl=id&rclk=1","https://www.google.com/maps/place/J%26T+Express+JGC/@-6.1802374,106.9524362,17z/data=!3m1!4b1!4m6!3m5!1s0x2e698ae17d515a63:0x2a879ad71f4be12b!8m2!3d-6.1802374!4d106.9524362!16s%2Fg%2F11c75vhhxm?authuser=0&hl=id&entry=ttu","106.9524362","-6.1802374","Situs Web","jet.co.id"
"J&T Express JGC",3.9,140,"Buka ⋅ Tutup pukul 20.00","https://www.google.com/maps/place/J%26T+Express+JGC/data=!4m7!3m6!1s0x2e698ae17d515a63:0x2a879ad71f4be12b!8m2!3d-6.1802374!4d106.9524362!16s%2Fg%2F11c75vhhxm!19sChIJY1pRfeGKaS4RK-FLH9eahyo?authuser=0&hl=id&rclk=1","https://www.google.com/maps/place/J%26T+Express+JGC/@-6.1802374,106.9524362,17z/data=!3m1!4b1!4m6!3m5!1s0x2e698ae17d515a63:0x2a879ad71f4be12b!8m2!3d-6.1802374!4d106.9524362!16s%2Fg%2F11c75vhhxm?authuser=0&hl=id&entry=ttu","106.9524362","-6.1802374","Telepon","(021) 22874787"
"J&T Express JGC",3.9,140,"Buka ⋅ Tutup pukul 20.00","https://www.google.com/maps/place/J%26T+Express+JGC/data=!4m7!3m6!1s0x2e698ae17d515a63:0x2a879ad71f4be12b!8m2!3d-6.1802374!4d106.9524362!16s%2Fg%2F11c75vhhxm!19sChIJY1pRfeGKaS4RK-FLH9eahyo?authuser=0&hl=id&rclk=1","https://www.google.com/maps/place/J%26T+Express+JGC/@-6.1802374,106.9524362,17z/data=!3m1!4b1!4m6!3m5!1s0x2e698ae17d515a63:0x2a879ad71f4be12b!8m2!3d-6.1802374!4d106.9524362!16s%2Fg%2F11c75vhhxm?authuser=0&hl=id&entry=ttu","106.9524362","-6.1802374","Plus Codes","RX92+WX Cakung Tim., Kota Jakarta Timur, Daerah Khusus Ibukota Jakarta"
"JNT Express",5,1,"unknown","https://www.google.com/maps/place/JNT+Express/data=!4m7!3m6!1s0x2e698b98fbd6980b:0x35f4d1d4f56cf24f!8m2!3d-6.192228!4d106.9586033!16s%2Fg%2F11tcp_9j3s!19sChIJC5jW-5iLaS4RT_Js9dTR9DU?authuser=0&hl=id&rclk=1","https://www.google.com/maps/place/JNT+Express/@-6.192228,106.9586033,17z/data=!3m1!4b1!4m6!3m5!1s0x2e698b98fbd6980b:0x35f4d1d4f56cf24f!8m2!3d-6.192228!4d106.9586033!16s%2Fg%2F11tcp_9j3s?authuser=0&hl=id&entry=ttu","106.9586033","-6.192228","Alamat","Jalan raya pulogebang 25, RT.14/RW.004, Pulo Gebang, Jl. Ujung Menteng, RT.1/RW.4, Ujung Menteng, Kec. Cakung, Kota Jakarta Timur, Daerah Khusus Ibukota Jakarta 13960"
"JNT Express",5,1,"unknown","https://www.google.com/maps/place/JNT+Express/data=!4m7!3m6!1s0x2e698b98fbd6980b:0x35f4d1d4f56cf24f!8m2!3d-6.192228!4d106.9586033!16s%2Fg%2F11tcp_9j3s!19sChIJC5jW-5iLaS4RT_Js9dTR9DU?authuser=0&hl=id&rclk=1","https://www.google.com/maps/place/JNT+Express/@-6.192228,106.9586033,17z/data=!3m1!4b1!4m6!3m5!1s0x2e698b98fbd6980b:0x35f4d1d4f56cf24f!8m2!3d-6.192228!4d106.9586033!16s%2Fg%2F11tcp_9j3s?authuser=0&hl=id&entry=ttu","106.9586033","-6.192228","Plus Codes","RX55+4C Ujung Menteng, Kota Jakarta Timur, Daerah Khusus Ibukota Jakarta"
"J&t ekspres",NA,NA,"unknown","https://www.google.com/maps/place/J%26t+ekspres/data=!4m7!3m6!1s0x2e69f5e5d586e379:0xc73c3a28adfc9f63!8m2!3d-6.1982117!4d106.9055122!16s%2Fg%2F11h5n434c3!19sChIJeeOG1eX1aS4RY5_8rSg6PMc?authuser=0&hl=id&rclk=1","https://www.google.com/maps/place/J%26t+ekspres/@-6.1982117,106.9055122,17z/data=!3m1!4b1!4m6!3m5!1s0x2e69f5e5d586e379:0xc73c3a28adfc9f63!8m2!3d-6.1982117!4d106.9055122!16s%2Fg%2F11h5n434c3?authuser=0&hl=id&entry=ttu","106.9055122","-6.1982117","Alamat","Jl.raya Bekasi no km18, RT.1/RW.no 28, Jatinegara Kaum, Kec. Pulo Gadung, Kota Jakarta Timur, Daerah Khusus Ibukota Jakarta 13930"
"J&t ekspres",NA,NA,"unknown","https://www.google.com/maps/place/J%26t+ekspres/data=!4m7!3m6!1s0x2e69f5e5d586e379:0xc73c3a28adfc9f63!8m2!3d-6.1982117!4d106.9055122!16s%2Fg%2F11h5n434c3!19sChIJeeOG1eX1aS4RY5_8rSg6PMc?authuser=0&hl=id&rclk=1","https://www.google.com/maps/place/J%26t+ekspres/@-6.1982117,106.9055122,17z/data=!3m1!4b1!4m6!3m5!1s0x2e69f5e5d586e379:0xc73c3a28adfc9f63!8m2!3d-6.1982117!4d106.9055122!16s%2Fg%2F11h5n434c3?authuser=0&hl=id&entry=ttu","106.9055122","-6.1982117","Plus Codes","RW24+P6 Jatinegara Kaum, Kota Jakarta Timur, Daerah Khusus Ibukota Jakarta"
"J&T Express DAN J&T CARGO KAYUMANIS",3.6,39,"Buka ⋅ Tutup pukul 21.00","https://www.google.com/maps/place/J%26T+Express+DAN+J%26T+CARGO+KAYUMANIS/data=!4m7!3m6!1s0x2e69f46198b02671:0x2e83f1f6c298b32e!8m2!3d-6.1994921!4d106.8624635!16s%2Fg%2F11fz9xwg9z!19sChIJcSawmGH0aS4RLrOYwvbxgy4?authuser=0&hl=id&rclk=1","https://www.google.com/maps/place/J%26T+Express+DAN+J%26T+CARGO+KAYUMANIS/@-6.1994921,106.8624635,17z/data=!3m1!4b1!4m6!3m5!1s0x2e69f46198b02671:0x2e83f1f6c298b32e!8m2!3d-6.1994921!4d106.8624635!16s%2Fg%2F11fz9xwg9z?authuser=0&hl=id&entry=ttu","106.8624635","-6.1994921","Alamat","NO.51 ,RW.004, RT.8/RW.4, Utan Kayu Utara, Kec. Matraman, Kota Jakarta Timur, Daerah Khusus Ibukota Jakarta 13130"
"J&T Express DAN J&T CARGO KAYUMANIS",3.6,39,"Buka ⋅ Tutup pukul 21.00","https://www.google.com/maps/place/J%26T+Express+DAN+J%26T+CARGO+KAYUMANIS/data=!4m7!3m6!1s0x2e69f46198b02671:0x2e83f1f6c298b32e!8m2!3d-6.1994921!4d106.8624635!16s%2Fg%2F11fz9xwg9z!19sChIJcSawmGH0aS4RLrOYwvbxgy4?authuser=0&hl=id&rclk=1","https://www.google.com/maps/place/J%26T+Express+DAN+J%26T+CARGO+KAYUMANIS/@-6.1994921,106.8624635,17z/data=!3m1!4b1!4m6!3m5!1s0x2e69f46198b02671:0x2e83f1f6c298b32e!8m2!3d-6.1994921!4d106.8624635!16s%2Fg%2F11fz9xwg9z?authuser=0&hl=id&entry=ttu","106.8624635","-6.1994921","Telepon","(021) 80661888"
"J&T Express DAN J&T CARGO KAYUMANIS",3.6,39,"Buka ⋅ Tutup pukul 21.00","https://www.google.com/maps/place/J%26T+Express+DAN+J%26T+CARGO+KAYUMANIS/data=!4m7!3m6!1s0x2e69f46198b02671:0x2e83f1f6c298b32e!8m2!3d-6.1994921!4d106.8624635!16s%2Fg%2F11fz9xwg9z!19sChIJcSawmGH0aS4RLrOYwvbxgy4?authuser=0&hl=id&rclk=1","https://www.google.com/maps/place/J%26T+Express+DAN+J%26T+CARGO+KAYUMANIS/@-6.1994921,106.8624635,17z/data=!3m1!4b1!4m6!3m5!1s0x2e69f46198b02671:0x2e83f1f6c298b32e!8m2!3d-6.1994921!4d106.8624635!16s%2Fg%2F11fz9xwg9z?authuser=0&hl=id&entry=ttu","106.8624635","-6.1994921","Plus Codes","RV26+6X Utan Kayu Utara, Kota Jakarta Timur, Daerah Khusus Ibukota Jakarta"
"Kantor JNT",1,1,"unknown","https://www.google.com/maps/place/Kantor+JNT/data=!4m7!3m6!1s0x2e69f528841d7ce3:0x5d328beba4f32821!8m2!3d-6.1893218!4d106.8903471!16s%2Fg%2F11hz6mm1g3!19sChIJ43wdhCj1aS4RISjzpOuLMl0?authuser=0&hl=id&rclk=1","https://www.google.com/maps/place/Kantor+JNT/@-6.1893218,106.8903471,17z/data=!3m1!4b1!4m6!3m5!1s0x2e69f528841d7ce3:0x5d328beba4f32821!8m2!3d-6.1893218!4d106.8903471!16s%2Fg%2F11hz6mm1g3?authuser=0&hl=id&entry=ttu","106.8903471","-6.1893218","Alamat","Jl. Balap Sepeda III No.5, RT.5/RW.6, Rawamangun, Kec. Pulo Gadung, Kota Jakarta Timur, Daerah Khusus Ibukota Jakarta 13220"
"Kantor JNT",1,1,"unknown","https://www.google.com/maps/place/Kantor+JNT/data=!4m7!3m6!1s0x2e69f528841d7ce3:0x5d328beba4f32821!8m2!3d-6.1893218!4d106.8903471!16s%2Fg%2F11hz6mm1g3!19sChIJ43wdhCj1aS4RISjzpOuLMl0?authuser=0&hl=id&rclk=1","https://www.google.com/maps/place/Kantor+JNT/@-6.1893218,106.8903471,17z/data=!3m1!4b1!4m6!3m5!1s0x2e69f528841d7ce3:0x5d328beba4f32821!8m2!3d-6.1893218!4d106.8903471!16s%2Fg%2F11hz6mm1g3?authuser=0&hl=id&entry=ttu","106.8903471","-6.1893218","Plus Codes","RV6R+74 Rawamangun, Kota Jakarta Timur, Daerah Khusus Ibukota Jakarta"
"J&T Express Tebet Timur",3.6,250,"Buka ⋅ Tutup pukul 20.00","https://www.google.com/maps/place/J%26T+Express+Tebet+Timur/data=!4m7!3m6!1s0x2e69f39983573e3b:0xc0abbaf0ccc6632b!8m2!3d-6.2388456!4d106.8572847!16s%2Fg%2F11fyzcjmbh!19sChIJOz5Xg5nzaS4RK2PGzPC6q8A?authuser=0&hl=id&rclk=1","https://www.google.com/maps/place/J%26T+Express+Tebet+Timur/@-6.2388456,106.8572847,17z/data=!3m1!4b1!4m6!3m5!1s0x2e69f39983573e3b:0xc0abbaf0ccc6632b!8m2!3d-6.2388456!4d106.8572847!16s%2Fg%2F11fyzcjmbh?authuser=0&hl=id&entry=ttu","106.8572847","-6.2388456","Alamat","Jl. Tebet Timur Dalam VIII No.6, RW.9, Tebet Tim., Kec. Tebet, Kota Jakarta Selatan, Daerah Khusus Ibukota Jakarta 12820"
"J&T Express Tebet Timur",3.6,250,"Buka ⋅ Tutup pukul 20.00","https://www.google.com/maps/place/J%26T+Express+Tebet+Timur/data=!4m7!3m6!1s0x2e69f39983573e3b:0xc0abbaf0ccc6632b!8m2!3d-6.2388456!4d106.8572847!16s%2Fg%2F11fyzcjmbh!19sChIJOz5Xg5nzaS4RK2PGzPC6q8A?authuser=0&hl=id&rclk=1","https://www.google.com/maps/place/J%26T+Express+Tebet+Timur/@-6.2388456,106.8572847,17z/data=!3m1!4b1!4m6!3m5!1s0x2e69f39983573e3b:0xc0abbaf0ccc6632b!8m2!3d-6.2388456!4d106.8572847!16s%2Fg%2F11fyzcjmbh?authuser=0&hl=id&entry=ttu","106.8572847","-6.2388456","Plus Codes","QV64+FW Tebet Tim., Kota Jakarta Selatan, Daerah Khusus Ibukota Jakarta"
"JnT CARGO Palmeriam",5,1,"Buka ⋅ Tutup pukul 18.00","https://www.google.com/maps/place/JnT+CARGO+Palmeriam/data=!4m7!3m6!1s0x2e69f54d4704fc25:0x85acf9458a9f518d!8m2!3d-6.2053128!4d106.8606815!16s%2Fg%2F11rq7rcmgr!19sChIJJfwER031aS4RjVGfikX5rIU?authuser=0&hl=id&rclk=1","https://www.google.com/maps/place/JnT+CARGO+Palmeriam/@-6.2053128,106.8606815,17z/data=!3m1!4b1!4m6!3m5!1s0x2e69f54d4704fc25:0x85acf9458a9f518d!8m2!3d-6.2053128!4d106.8606815!16s%2Fg%2F11rq7rcmgr?authuser=0&hl=id&entry=ttu","106.8606815","-6.2053128","Alamat","Pasar Jaya Palmeriam, Jl. Pal Meriam, RT.13/RW.8, Palmeriam, Kec. Matraman, Kota Jakarta Timur, Daerah Khusus Ibukota Jakarta 13140"
"JnT CARGO Palmeriam",5,1,"Buka ⋅ Tutup pukul 18.00","https://www.google.com/maps/place/JnT+CARGO+Palmeriam/data=!4m7!3m6!1s0x2e69f54d4704fc25:0x85acf9458a9f518d!8m2!3d-6.2053128!4d106.8606815!16s%2Fg%2F11rq7rcmgr!19sChIJJfwER031aS4RjVGfikX5rIU?authuser=0&hl=id&rclk=1","https://www.google.com/maps/place/JnT+CARGO+Palmeriam/@-6.2053128,106.8606815,17z/data=!3m1!4b1!4m6!3m5!1s0x2e69f54d4704fc25:0x85acf9458a9f518d!8m2!3d-6.2053128!4d106.8606815!16s%2Fg%2F11rq7rcmgr?authuser=0&hl=id&entry=ttu","106.8606815","-6.2053128","Telepon","0878-8240-5559"
"JnT CARGO Palmeriam",5,1,"Buka ⋅ Tutup pukul 18.00","https://www.google.com/maps/place/JnT+CARGO+Palmeriam/data=!4m7!3m6!1s0x2e69f54d4704fc25:0x85acf9458a9f518d!8m2!3d-6.2053128!4d106.8606815!16s%2Fg%2F11rq7rcmgr!19sChIJJfwER031aS4RjVGfikX5rIU?authuser=0&hl=id&rclk=1","https://www.google.com/maps/place/JnT+CARGO+Palmeriam/@-6.2053128,106.8606815,17z/data=!3m1!4b1!4m6!3m5!1s0x2e69f54d4704fc25:0x85acf9458a9f518d!8m2!3d-6.2053128!4d106.8606815!16s%2Fg%2F11rq7rcmgr?authuser=0&hl=id&entry=ttu","106.8606815","-6.2053128","Plus Codes","QVV6+V7 Palmeriam, Kota Jakarta Timur, Daerah Khusus Ibukota Jakarta"
"JNT",3.1,23,"unknown","https://www.google.com/maps/place/JNT/data=!4m7!3m6!1s0x2e698b0b0dfa72d5:0x54f84f641bfb2098!8m2!3d-6.1988855!4d106.9351605!16s%2Fg%2F11h2qtkfsn!19sChIJ1XL6DQuLaS4RmCD7G2RP-FQ?authuser=0&hl=id&rclk=1","https://www.google.com/maps/place/JNT/@-6.1988855,106.9351605,17z/data=!3m1!4b1!4m6!3m5!1s0x2e698b0b0dfa72d5:0x54f84f641bfb2098!8m2!3d-6.1988855!4d106.9351605!16s%2Fg%2F11h2qtkfsn?authuser=0&hl=id&entry=ttu","106.9351605","-6.1988855","Alamat","Jl. Raya Penggilingan No.14, RT.7/RW.7, Penggilingan, Kec. Cakung, Kota Jakarta Timur, Daerah Khusus Ibukota Jakarta 13940"
"JNT",3.1,23,"unknown","https://www.google.com/maps/place/JNT/data=!4m7!3m6!1s0x2e698b0b0dfa72d5:0x54f84f641bfb2098!8m2!3d-6.1988855!4d106.9351605!16s%2Fg%2F11h2qtkfsn!19sChIJ1XL6DQuLaS4RmCD7G2RP-FQ?authuser=0&hl=id&rclk=1","https://www.google.com/maps/place/JNT/@-6.1988855,106.9351605,17z/data=!3m1!4b1!4m6!3m5!1s0x2e698b0b0dfa72d5:0x54f84f641bfb2098!8m2!3d-6.1988855!4d106.9351605!16s%2Fg%2F11h2qtkfsn?authuser=0&hl=id&entry=ttu","106.9351605","-6.1988855","Telepon","0813-9858-6167"
"JNT",3.1,23,"unknown","https://www.google.com/maps/place/JNT/data=!4m7!3m6!1s0x2e698b0b0dfa72d5:0x54f84f641bfb2098!8m2!3d-6.1988855!4d106.9351605!16s%2Fg%2F11h2qtkfsn!19sChIJ1XL6DQuLaS4RmCD7G2RP-FQ?authuser=0&hl=id&rclk=1","https://www.google.com/maps/place/JNT/@-6.1988855,106.9351605,17z/data=!3m1!4b1!4m6!3m5!1s0x2e698b0b0dfa72d5:0x54f84f641bfb2098!8m2!3d-6.1988855!4d106.9351605!16s%2Fg%2F11h2qtkfsn?authuser=0&hl=id&entry=ttu","106.9351605","-6.1988855","Plus Codes","RW2P+C3 Penggilingan, Kota Jakarta Timur, Daerah Khusus Ibukota Jakarta"
"J&T Express SPBU_CAKUNG_TIMUR",5,1,"Buka ⋅ Tutup pukul 22.00","https://www.google.com/maps/place/J%26T+Express+SPBU_CAKUNG_TIMUR/data=!4m7!3m6!1s0x2e698bc58e8ec8fd:0x31dd513e76e86ac9!8m2!3d-6.1854318!4d106.9477477!16s%2Fg%2F11nxw6dkjq!19sChIJ_ciOjsWLaS4RyWrodj5R3TE?authuser=0&hl=id&rclk=1","https://www.google.com/maps/place/J%26T+Express+SPBU_CAKUNG_TIMUR/@-6.1854318,106.9477477,17z/data=!3m1!4b1!4m6!3m5!1s0x2e698bc58e8ec8fd:0x31dd513e76e86ac9!8m2!3d-6.1854318!4d106.9477477!16s%2Fg%2F11nxw6dkjq?authuser=0&hl=id&entry=ttu","106.9477477","-6.1854318","Alamat","KLE, Jl. Raya Bekasi No.KM 24, RT.1/RW.2, Cakung Bar., Kec. Cakung, Kota Jakarta Timur, Daerah Khusus Ibukota Jakarta 13950"
"J&T Express SPBU_CAKUNG_TIMUR",5,1,"Buka ⋅ Tutup pukul 22.00","https://www.google.com/maps/place/J%26T+Express+SPBU_CAKUNG_TIMUR/data=!4m7!3m6!1s0x2e698bc58e8ec8fd:0x31dd513e76e86ac9!8m2!3d-6.1854318!4d106.9477477!16s%2Fg%2F11nxw6dkjq!19sChIJ_ciOjsWLaS4RyWrodj5R3TE?authuser=0&hl=id&rclk=1","https://www.google.com/maps/place/J%26T+Express+SPBU_CAKUNG_TIMUR/@-6.1854318,106.9477477,17z/data=!3m1!4b1!4m6!3m5!1s0x2e698bc58e8ec8fd:0x31dd513e76e86ac9!8m2!3d-6.1854318!4d106.9477477!16s%2Fg%2F11nxw6dkjq?authuser=0&hl=id&entry=ttu","106.9477477","-6.1854318","Situs Web","jet.co.id"
"J&T Express SPBU_CAKUNG_TIMUR",5,1,"Buka ⋅ Tutup pukul 22.00","https://www.google.com/maps/place/J%26T+Express+SPBU_CAKUNG_TIMUR/data=!4m7!3m6!1s0x2e698bc58e8ec8fd:0x31dd513e76e86ac9!8m2!3d-6.1854318!4d106.9477477!16s%2Fg%2F11nxw6dkjq!19sChIJ_ciOjsWLaS4RyWrodj5R3TE?authuser=0&hl=id&rclk=1","https://www.google.com/maps/place/J%26T+Express+SPBU_CAKUNG_TIMUR/@-6.1854318,106.9477477,17z/data=!3m1!4b1!4m6!3m5!1s0x2e698bc58e8ec8fd:0x31dd513e76e86ac9!8m2!3d-6.1854318!4d106.9477477!16s%2Fg%2F11nxw6dkjq?authuser=0&hl=id&entry=ttu","106.9477477","-6.1854318","Plus Codes","RW7X+R3 Cakung Bar., Kota Jakarta Timur, Daerah Khusus Ibukota Jakarta"
"J&T CP YSM Jatinegara",5,2,"Buka ⋅ Tutup pukul 21.00","https://www.google.com/maps/place/J%26T+CP+YSM+Jatinegara/data=!4m7!3m6!1s0x2e69f3a0daaabb6d:0xec0ae8e6383772e1!8m2!3d-6.2165585!4d106.8758855!16s%2Fg%2F11g1lkfxr7!19sChIJbbuq2qDzaS4R4XI3OOboCuw?authuser=0&hl=id&rclk=1","https://www.google.com/maps/place/J%26T+CP+YSM+Jatinegara/@-6.2165585,106.8758855,17z/data=!3m1!4b1!4m6!3m5!1s0x2e69f3a0daaabb6d:0xec0ae8e6383772e1!8m2!3d-6.2165585!4d106.8758855!16s%2Fg%2F11g1lkfxr7?authuser=0&hl=id&entry=ttu","106.8758855","-6.2165585","Alamat","Jl. Bekasi Timur IV No.3, RT.1/RW.8, Cipinang Besar Utara, Kecamatan Jatinegara, Kota Jakarta Timur, Daerah Khusus Ibukota Jakarta 13410"
"J&T CP YSM Jatinegara",5,2,"Buka ⋅ Tutup pukul 21.00","https://www.google.com/maps/place/J%26T+CP+YSM+Jatinegara/data=!4m7!3m6!1s0x2e69f3a0daaabb6d:0xec0ae8e6383772e1!8m2!3d-6.2165585!4d106.8758855!16s%2Fg%2F11g1lkfxr7!19sChIJbbuq2qDzaS4R4XI3OOboCuw?authuser=0&hl=id&rclk=1","https://www.google.com/maps/place/J%26T+CP+YSM+Jatinegara/@-6.2165585,106.8758855,17z/data=!3m1!4b1!4m6!3m5!1s0x2e69f3a0daaabb6d:0xec0ae8e6383772e1!8m2!3d-6.2165585!4d106.8758855!16s%2Fg%2F11g1lkfxr7?authuser=0&hl=id&entry=ttu","106.8758855","-6.2165585","Telepon","(021) 8511128"
"J&T CP YSM Jatinegara",5,2,"Buka ⋅ Tutup pukul 21.00","https://www.google.com/maps/place/J%26T+CP+YSM+Jatinegara/data=!4m7!3m6!1s0x2e69f3a0daaabb6d:0xec0ae8e6383772e1!8m2!3d-6.2165585!4d106.8758855!16s%2Fg%2F11g1lkfxr7!19sChIJbbuq2qDzaS4R4XI3OOboCuw?authuser=0&hl=id&rclk=1","https://www.google.com/maps/place/J%26T+CP+YSM+Jatinegara/@-6.2165585,106.8758855,17z/data=!3m1!4b1!4m6!3m5!1s0x2e69f3a0daaabb6d:0xec0ae8e6383772e1!8m2!3d-6.2165585!4d106.8758855!16s%2Fg%2F11g1lkfxr7?authuser=0&hl=id&entry=ttu","106.8758855","-6.2165585","Plus Codes","QVMG+99 Cipinang Besar Utara, Kota Jakarta Timur, Daerah Khusus Ibukota Jakarta"
"J&T CARGO DAN J&T EXPRESS DEWI SARTIKA",5,2,"","https://www.google.com/maps/place/J%26T+CARGO+DAN+J%26T+EXPRESS+DEWI+SARTIKA/data=!4m7!3m6!1s0x2e69f3338d762b2f:0x20ad36e4a4e9f0df!8m2!3d-6.2547284!4d106.8638752!16s%2Fg%2F11tjppw7v8!19sChIJLyt2jTPzaS4R3_DppOQ2rSA?authuser=0&hl=id&rclk=1","https://www.google.com/maps/place/J%26T+CARGO+DAN+J%26T+EXPRESS+DEWI+SARTIKA/@-6.2547284,106.8638752,17z/data=!3m1!4b1!4m6!3m5!1s0x2e69f3338d762b2f:0x20ad36e4a4e9f0df!8m2!3d-6.2547284!4d106.8638752!16s%2Fg%2F11tjppw7v8?authuser=0&hl=id&entry=ttu","106.8638752","-6.2547284","Alamat","Jl. Dewi Sartika No.286, RW.5, Cawang, Kec. Kramat jati, Kota Jakarta Timur, Daerah Khusus Ibukota Jakarta 13630"
"J&T CARGO DAN J&T EXPRESS DEWI SARTIKA",5,2,"","https://www.google.com/maps/place/J%26T+CARGO+DAN+J%26T+EXPRESS+DEWI+SARTIKA/data=!4m7!3m6!1s0x2e69f3338d762b2f:0x20ad36e4a4e9f0df!8m2!3d-6.2547284!4d106.8638752!16s%2Fg%2F11tjppw7v8!19sChIJLyt2jTPzaS4R3_DppOQ2rSA?authuser=0&hl=id&rclk=1","https://www.google.com/maps/place/J%26T+CARGO+DAN+J%26T+EXPRESS+DEWI+SARTIKA/@-6.2547284,106.8638752,17z/data=!3m1!4b1!4m6!3m5!1s0x2e69f3338d762b2f:0x20ad36e4a4e9f0df!8m2!3d-6.2547284!4d106.8638752!16s%2Fg%2F11tjppw7v8?authuser=0&hl=id&entry=ttu","106.8638752","-6.2547284","Terletak di","Sdd"
"J&T CARGO DAN J&T EXPRESS DEWI SARTIKA",5,2,"","https://www.google.com/maps/place/J%26T+CARGO+DAN+J%26T+EXPRESS+DEWI+SARTIKA/data=!4m7!3m6!1s0x2e69f3338d762b2f:0x20ad36e4a4e9f0df!8m2!3d-6.2547284!4d106.8638752!16s%2Fg%2F11tjppw7v8!19sChIJLyt2jTPzaS4R3_DppOQ2rSA?authuser=0&hl=id&rclk=1","https://www.google.com/maps/place/J%26T+CARGO+DAN+J%26T+EXPRESS+DEWI+SARTIKA/@-6.2547284,106.8638752,17z/data=!3m1!4b1!4m6!3m5!1s0x2e69f3338d762b2f:0x20ad36e4a4e9f0df!8m2!3d-6.2547284!4d106.8638752!16s%2Fg%2F11tjppw7v8?authuser=0&hl=id&entry=ttu","106.8638752","-6.2547284","Telepon","0851-6256-6530"
"J&T CARGO DAN J&T EXPRESS DEWI SARTIKA",5,2,"","https://www.google.com/maps/place/J%26T+CARGO+DAN+J%26T+EXPRESS+DEWI+SARTIKA/data=!4m7!3m6!1s0x2e69f3338d762b2f:0x20ad36e4a4e9f0df!8m2!3d-6.2547284!4d106.8638752!16s%2Fg%2F11tjppw7v8!19sChIJLyt2jTPzaS4R3_DppOQ2rSA?authuser=0&hl=id&rclk=1","https://www.google.com/maps/place/J%26T+CARGO+DAN+J%26T+EXPRESS+DEWI+SARTIKA/@-6.2547284,106.8638752,17z/data=!3m1!4b1!4m6!3m5!1s0x2e69f3338d762b2f:0x20ad36e4a4e9f0df!8m2!3d-6.2547284!4d106.8638752!16s%2Fg%2F11tjppw7v8?authuser=0&hl=id&entry=ttu","106.8638752","-6.2547284","Plus Codes","PVW7+4H Cawang, Kota Jakarta Timur, Daerah Khusus Ibukota Jakarta"
"Jnt Cargo",5,1,"Buka ⋅ Tutup pukul 21.00","https://www.google.com/maps/place/Jnt+Cargo/data=!4m7!3m6!1s0x2e69f30c2e22ed2b:0x6b2b921ef7b50305!8m2!3d-6.2205639!4d106.8892246!16s%2Fg%2F11k9hgsbn3!19sChIJK-0iLgzzaS4RBQO19x6SK2s?authuser=0&hl=id&rclk=1","https://www.google.com/maps/place/Jnt+Cargo/@-6.2205639,106.8892246,17z/data=!3m1!4b1!4m6!3m5!1s0x2e69f30c2e22ed2b:0x6b2b921ef7b50305!8m2!3d-6.2205639!4d106.8892246!16s%2Fg%2F11k9hgsbn3?authuser=0&hl=id&entry=ttu","106.8892246","-6.2205639","Alamat","Jl. Terusan Aneka Elok No.11, RT.5/RW.4, Cipinang Muara, Kecamatan Jatinegara, Kota Jakarta Timur, Daerah Khusus Ibukota Jakarta 13420"
"Jnt Cargo",5,1,"Buka ⋅ Tutup pukul 21.00","https://www.google.com/maps/place/Jnt+Cargo/data=!4m7!3m6!1s0x2e69f30c2e22ed2b:0x6b2b921ef7b50305!8m2!3d-6.2205639!4d106.8892246!16s%2Fg%2F11k9hgsbn3!19sChIJK-0iLgzzaS4RBQO19x6SK2s?authuser=0&hl=id&rclk=1","https://www.google.com/maps/place/Jnt+Cargo/@-6.2205639,106.8892246,17z/data=!3m1!4b1!4m6!3m5!1s0x2e69f30c2e22ed2b:0x6b2b921ef7b50305!8m2!3d-6.2205639!4d106.8892246!16s%2Fg%2F11k9hgsbn3?authuser=0&hl=id&entry=ttu","106.8892246","-6.2205639","Telepon","0821-1373-3588"
"Jnt Cargo",5,1,"Buka ⋅ Tutup pukul 21.00","https://www.google.com/maps/place/Jnt+Cargo/data=!4m7!3m6!1s0x2e69f30c2e22ed2b:0x6b2b921ef7b50305!8m2!3d-6.2205639!4d106.8892246!16s%2Fg%2F11k9hgsbn3!19sChIJK-0iLgzzaS4RBQO19x6SK2s?authuser=0&hl=id&rclk=1","https://www.google.com/maps/place/Jnt+Cargo/@-6.2205639,106.8892246,17z/data=!3m1!4b1!4m6!3m5!1s0x2e69f30c2e22ed2b:0x6b2b921ef7b50305!8m2!3d-6.2205639!4d106.8892246!16s%2Fg%2F11k9hgsbn3?authuser=0&hl=id&entry=ttu","106.8892246","-6.2205639","Plus Codes","QVHQ+QM Cipinang Muara, Kota Jakarta Timur, Daerah Khusus Ibukota Jakarta"
"J&T Express KP_TENGAH",5,1,"Buka ⋅ Tutup pukul 22.00","https://www.google.com/maps/place/J%26T+Express+KP_TENGAH/data=!4m7!3m6!1s0x2e69edcb43379769:0x72edc34b969cf577!8m2!3d-6.3026677!4d106.8596502!16s%2Fg%2F11rrqds5ml!19sChIJaZc3Q8vtaS4Rd_WclkvD7XI?authuser=0&hl=id&rclk=1","https://www.google.com/maps/place/J%26T+Express+KP_TENGAH/@-6.3026677,106.8596502,17z/data=!3m1!4b1!4m6!3m5!1s0x2e69edcb43379769:0x72edc34b969cf577!8m2!3d-6.3026677!4d106.8596502!16s%2Fg%2F11rrqds5ml?authuser=0&hl=id&entry=ttu","106.8596502","-6.3026677","Alamat","Gg. Delima No.RT 2, RT.3/RW.8, Gedong, Pasar Rebo, East Jakarta City, Jakarta 13760"
"J&T Express KP_TENGAH",5,1,"Buka ⋅ Tutup pukul 22.00","https://www.google.com/maps/place/J%26T+Express+KP_TENGAH/data=!4m7!3m6!1s0x2e69edcb43379769:0x72edc34b969cf577!8m2!3d-6.3026677!4d106.8596502!16s%2Fg%2F11rrqds5ml!19sChIJaZc3Q8vtaS4Rd_WclkvD7XI?authuser=0&hl=id&rclk=1","https://www.google.com/maps/place/J%26T+Express+KP_TENGAH/@-6.3026677,106.8596502,17z/data=!3m1!4b1!4m6!3m5!1s0x2e69edcb43379769:0x72edc34b969cf577!8m2!3d-6.3026677!4d106.8596502!16s%2Fg%2F11rrqds5ml?authuser=0&hl=id&entry=ttu","106.8596502","-6.3026677","Situs Web","jet.co.id"
"J&T Express KP_TENGAH",5,1,"Buka ⋅ Tutup pukul 22.00","https://www.google.com/maps/place/J%26T+Express+KP_TENGAH/data=!4m7!3m6!1s0x2e69edcb43379769:0x72edc34b969cf577!8m2!3d-6.3026677!4d106.8596502!16s%2Fg%2F11rrqds5ml!19sChIJaZc3Q8vtaS4Rd_WclkvD7XI?authuser=0&hl=id&rclk=1","https://www.google.com/maps/place/J%26T+Express+KP_TENGAH/@-6.3026677,106.8596502,17z/data=!3m1!4b1!4m6!3m5!1s0x2e69edcb43379769:0x72edc34b969cf577!8m2!3d-6.3026677!4d106.8596502!16s%2Fg%2F11rrqds5ml?authuser=0&hl=id&entry=ttu","106.8596502","-6.3026677","Telepon","(021) 87788111"
"J&T Express KP_TENGAH",5,1,"Buka ⋅ Tutup pukul 22.00","https://www.google.com/maps/place/J%26T+Express+KP_TENGAH/data=!4m7!3m6!1s0x2e69edcb43379769:0x72edc34b969cf577!8m2!3d-6.3026677!4d106.8596502!16s%2Fg%2F11rrqds5ml!19sChIJaZc3Q8vtaS4Rd_WclkvD7XI?authuser=0&hl=id&rclk=1","https://www.google.com/maps/place/J%26T+Express+KP_TENGAH/@-6.3026677,106.8596502,17z/data=!3m1!4b1!4m6!3m5!1s0x2e69edcb43379769:0x72edc34b969cf577!8m2!3d-6.3026677!4d106.8596502!16s%2Fg%2F11rrqds5ml?authuser=0&hl=id&entry=ttu","106.8596502","-6.3026677","Plus Codes","MVW5+WV Gedong, Kota Jakarta Timur, Daerah Khusus Ibukota Jakarta"
"Gudang J&T ciracas",3.6,60,"Buka 24 jam","https://www.google.com/maps/place/Gudang+J%26T+ciracas/data=!4m7!3m6!1s0x2e69ed002ddb7f29:0xe536f87edfe92c03!8m2!3d-6.3101963!4d106.8707046!16s%2Fg%2F11j3525z9j!19sChIJKX_bLQDtaS4RAyzp3374NuU?authuser=0&hl=id&rclk=1","https://www.google.com/maps/place/Gudang+J%26T+ciracas/@-6.3101963,106.8707046,17z/data=!3m1!4b1!4m6!3m5!1s0x2e69ed002ddb7f29:0xe536f87edfe92c03!8m2!3d-6.3101963!4d106.8707046!16s%2Fg%2F11j3525z9j?authuser=0&hl=id&entry=ttu","106.8707046","-6.3101963","Alamat","RT.9/RW.3, Susukan, Kec. Ciracas, Kota Jakarta Timur, Daerah Khusus Ibukota Jakarta 13750"
"Gudang J&T ciracas",3.6,60,"Buka 24 jam","https://www.google.com/maps/place/Gudang+J%26T+ciracas/data=!4m7!3m6!1s0x2e69ed002ddb7f29:0xe536f87edfe92c03!8m2!3d-6.3101963!4d106.8707046!16s%2Fg%2F11j3525z9j!19sChIJKX_bLQDtaS4RAyzp3374NuU?authuser=0&hl=id&rclk=1","https://www.google.com/maps/place/Gudang+J%26T+ciracas/@-6.3101963,106.8707046,17z/data=!3m1!4b1!4m6!3m5!1s0x2e69ed002ddb7f29:0xe536f87edfe92c03!8m2!3d-6.3101963!4d106.8707046!16s%2Fg%2F11j3525z9j?authuser=0&hl=id&entry=ttu","106.8707046","-6.3101963","Situs Web","jet.co.id"
"Gudang J&T ciracas",3.6,60,"Buka 24 jam","https://www.google.com/maps/place/Gudang+J%26T+ciracas/data=!4m7!3m6!1s0x2e69ed002ddb7f29:0xe536f87edfe92c03!8m2!3d-6.3101963!4d106.8707046!16s%2Fg%2F11j3525z9j!19sChIJKX_bLQDtaS4RAyzp3374NuU?authuser=0&hl=id&rclk=1","https://www.google.com/maps/place/Gudang+J%26T+ciracas/@-6.3101963,106.8707046,17z/data=!3m1!4b1!4m6!3m5!1s0x2e69ed002ddb7f29:0xe536f87edfe92c03!8m2!3d-6.3101963!4d106.8707046!16s%2Fg%2F11j3525z9j?authuser=0&hl=id&entry=ttu","106.8707046","-6.3101963","Plus Codes","MVQC+W7 Susukan, Kota Jakarta Timur, Daerah Khusus Ibukota Jakarta"
"J&T EXPRESS TIPAR CAKUNG",3.1,60,"Buka ⋅ Tutup pukul 17.00","https://www.google.com/maps/place/J%26T+EXPRESS+TIPAR+CAKUNG/data=!4m7!3m6!1s0x2e698addc0307aa3:0x212bdf7117483e4b!8m2!3d-6.1665375!4d106.934474!16s%2Fg%2F11glx711j4!19sChIJo3owwN2KaS4RSz5IF3HfKyE?authuser=0&hl=id&rclk=1","https://www.google.com/maps/place/J%26T+EXPRESS+TIPAR+CAKUNG/@-6.1665375,106.934474,17z/data=!3m1!4b1!4m6!3m5!1s0x2e698addc0307aa3:0x212bdf7117483e4b!8m2!3d-6.1665375!4d106.934474!16s%2Fg%2F11glx711j4?authuser=0&hl=id&entry=ttu","106.934474","-6.1665375","Alamat","RWMM+9QQ, Jl. Cakung Cilincing, RT.10/RW.8, Cakung Bar., Kec. Cakung, Kota Jakarta Timur, Daerah Khusus Ibukota Jakarta 13910"
"J&T Express Penggilingan 2, J&T Cargo JKT043B",3.5,112,"Buka ⋅ Tutup pukul 22.00","https://www.google.com/maps/place/J%26T+Express+Penggilingan+2,+J%26T+Cargo+JKT043B/data=!4m7!3m6!1s0x2e698bf2a2bc5187:0xc03509947c6eae15!8m2!3d-6.2093304!4d106.9370462!16s%2Fg%2F11h54mj7vj!19sChIJh1G8ovKLaS4RFa5ufJQJNcA?authuser=0&hl=id&rclk=1","https://www.google.com/maps/place/J%26T+Express+Penggilingan+2,+J%26T+Cargo+JKT043B/@-6.2093304,106.9370462,17z/data=!3m1!4b1!4m6!3m5!1s0x2e698bf2a2bc5187:0xc03509947c6eae15!8m2!3d-6.2093304!4d106.9370462!16s%2Fg%2F11h54mj7vj?authuser=0&hl=id&entry=ttu","106.9370462","-6.2093304","Alamat","Jl. Raya Penggilingan No.74, RT.7/RW.11, Penggilingan, Kec. Cakung, Kota Jakarta Timur, Daerah Khusus Ibukota Jakarta 13940"
"J&T Express Penggilingan 2, J&T Cargo JKT043B",3.5,112,"Buka ⋅ Tutup pukul 22.00","https://www.google.com/maps/place/J%26T+Express+Penggilingan+2,+J%26T+Cargo+JKT043B/data=!4m7!3m6!1s0x2e698bf2a2bc5187:0xc03509947c6eae15!8m2!3d-6.2093304!4d106.9370462!16s%2Fg%2F11h54mj7vj!19sChIJh1G8ovKLaS4RFa5ufJQJNcA?authuser=0&hl=id&rclk=1","https://www.google.com/maps/place/J%26T+Express+Penggilingan+2,+J%26T+Cargo+JKT043B/@-6.2093304,106.9370462,17z/data=!3m1!4b1!4m6!3m5!1s0x2e698bf2a2bc5187:0xc03509947c6eae15!8m2!3d-6.2093304!4d106.9370462!16s%2Fg%2F11h54mj7vj?authuser=0&hl=id&entry=ttu","106.9370462","-6.2093304","Plus Codes","QWRP+7R Penggilingan, Kota Jakarta Timur, Daerah Khusus Ibukota Jakarta"
"J&T JAKARTA WAREHOUSE",2.1,391,"Tutup ⋅ Buka Sen pukul 08.30","https://www.google.com/maps/place/J%26T+JAKARTA+WAREHOUSE/data=!4m7!3m6!1s0x2e69f4c74527cc61:0x7ef4eb6425f59108!8m2!3d-6.1489649!4d106.9315785!16s%2Fg%2F11fz9wy2tx!19sChIJYcwnRcf0aS4RCJH1JWTr9H4?authuser=0&hl=id&rclk=1","https://www.google.com/maps/place/J%26T+JAKARTA+WAREHOUSE/@-6.1489649,106.9315785,17z/data=!3m1!4b1!4m6!3m5!1s0x2e69f4c74527cc61:0x7ef4eb6425f59108!8m2!3d-6.1489649!4d106.9315785!16s%2Fg%2F11fz9wy2tx?authuser=0&hl=id&entry=ttu","106.9315785","-6.1489649","Alamat","Jl. Cakung Cilincing Raya Pal II, RT.7/RW.2, Sukapura, Kec. Cilincing, Jkt Utara, Daerah Khusus Ibukota Jakarta 14140"
"J&T JAKARTA WAREHOUSE",2.1,391,"Tutup ⋅ Buka Sen pukul 08.30","https://www.google.com/maps/place/J%26T+JAKARTA+WAREHOUSE/data=!4m7!3m6!1s0x2e69f4c74527cc61:0x7ef4eb6425f59108!8m2!3d-6.1489649!4d106.9315785!16s%2Fg%2F11fz9wy2tx!19sChIJYcwnRcf0aS4RCJH1JWTr9H4?authuser=0&hl=id&rclk=1","https://www.google.com/maps/place/J%26T+JAKARTA+WAREHOUSE/@-6.1489649,106.9315785,17z/data=!3m1!4b1!4m6!3m5!1s0x2e69f4c74527cc61:0x7ef4eb6425f59108!8m2!3d-6.1489649!4d106.9315785!16s%2Fg%2F11fz9wy2tx?authuser=0&hl=id&entry=ttu","106.9315785","-6.1489649","Situs Web","jet.co.id"
"J&T JAKARTA WAREHOUSE",2.1,391,"Tutup ⋅ Buka Sen pukul 08.30","https://www.google.com/maps/place/J%26T+JAKARTA+WAREHOUSE/data=!4m7!3m6!1s0x2e69f4c74527cc61:0x7ef4eb6425f59108!8m2!3d-6.1489649!4d106.9315785!16s%2Fg%2F11fz9wy2tx!19sChIJYcwnRcf0aS4RCJH1JWTr9H4?authuser=0&hl=id&rclk=1","https://www.google.com/maps/place/J%26T+JAKARTA+WAREHOUSE/@-6.1489649,106.9315785,17z/data=!3m1!4b1!4m6!3m5!1s0x2e69f4c74527cc61:0x7ef4eb6425f59108!8m2!3d-6.1489649!4d106.9315785!16s%2Fg%2F11fz9wy2tx?authuser=0&hl=id&entry=ttu","106.9315785","-6.1489649","Telepon","(021) 50858668"
"J&T JAKARTA WAREHOUSE",2.1,391,"Tutup ⋅ Buka Sen pukul 08.30","https://www.google.com/maps/place/J%26T+JAKARTA+WAREHOUSE/data=!4m7!3m6!1s0x2e69f4c74527cc61:0x7ef4eb6425f59108!8m2!3d-6.1489649!4d106.9315785!16s%2Fg%2F11fz9wy2tx!19sChIJYcwnRcf0aS4RCJH1JWTr9H4?authuser=0&hl=id&rclk=1","https://www.google.com/maps/place/J%26T+JAKARTA+WAREHOUSE/@-6.1489649,106.9315785,17z/data=!3m1!4b1!4m6!3m5!1s0x2e69f4c74527cc61:0x7ef4eb6425f59108!8m2!3d-6.1489649!4d106.9315785!16s%2Fg%2F11fz9wy2tx?authuser=0&hl=id&entry=ttu","106.9315785","-6.1489649","Plus Codes","VW2J+CJ Sukapura, Jkt Utara, Daerah Khusus Ibukota Jakarta"
"J&T - Albilad Universal",2,8,"Buka ⋅ Tutup pukul 19.00","https://www.google.com/maps/place/J%26T+-+Albilad+Universal/data=!4m7!3m6!1s0x2e69f3ca6e659163:0xd29810ae449cf588!8m2!3d-6.2907364!4d106.8830682!16s%2Fg%2F11ghpm89zb!19sChIJY5FlbsrzaS4RiPWcRK4QmNI?authuser=0&hl=id&rclk=1","https://www.google.com/maps/place/J%26T+-+Albilad+Universal/@-6.2907364,106.8830682,17z/data=!3m1!4b1!4m6!3m5!1s0x2e69f3ca6e659163:0xd29810ae449cf588!8m2!3d-6.2907364!4d106.8830682!16s%2Fg%2F11ghpm89zb?authuser=0&hl=id&entry=ttu","106.8830682","-6.2907364","Alamat","3, RT.3/RW.2, Pinang Ranti, Kec. Makasar, Kota Jakarta Timur, Daerah Khusus Ibukota Jakarta 13560"
"J&T - Albilad Universal",2,8,"Buka ⋅ Tutup pukul 19.00","https://www.google.com/maps/place/J%26T+-+Albilad+Universal/data=!4m7!3m6!1s0x2e69f3ca6e659163:0xd29810ae449cf588!8m2!3d-6.2907364!4d106.8830682!16s%2Fg%2F11ghpm89zb!19sChIJY5FlbsrzaS4RiPWcRK4QmNI?authuser=0&hl=id&rclk=1","https://www.google.com/maps/place/J%26T+-+Albilad+Universal/@-6.2907364,106.8830682,17z/data=!3m1!4b1!4m6!3m5!1s0x2e69f3ca6e659163:0xd29810ae449cf588!8m2!3d-6.2907364!4d106.8830682!16s%2Fg%2F11ghpm89zb?authuser=0&hl=id&entry=ttu","106.8830682","-6.2907364","Telepon","(021) 22879942"
"J&T - Albilad Universal",2,8,"Buka ⋅ Tutup pukul 19.00","https://www.google.com/maps/place/J%26T+-+Albilad+Universal/data=!4m7!3m6!1s0x2e69f3ca6e659163:0xd29810ae449cf588!8m2!3d-6.2907364!4d106.8830682!16s%2Fg%2F11ghpm89zb!19sChIJY5FlbsrzaS4RiPWcRK4QmNI?authuser=0&hl=id&rclk=1","https://www.google.com/maps/place/J%26T+-+Albilad+Universal/@-6.2907364,106.8830682,17z/data=!3m1!4b1!4m6!3m5!1s0x2e69f3ca6e659163:0xd29810ae449cf588!8m2!3d-6.2907364!4d106.8830682!16s%2Fg%2F11ghpm89zb?authuser=0&hl=id&entry=ttu","106.8830682","-6.2907364","Plus Codes","PV5M+P6 Pinang Ranti, Kota Jakarta Timur, Daerah Khusus Ibukota Jakarta"
"J&T Express SPBU_JATINEGARA",1,1,"Buka ⋅ Tutup pukul 22.00","https://www.google.com/maps/place/J%26T+Express+SPBU_JATINEGARA/data=!4m7!3m6!1s0x2e69f55c052c1d75:0xe86e9669f03b5a0c!8m2!3d-6.2144553!4d106.8624134!16s%2Fg%2F11q8z0hz2z!19sChIJdR0sBVz1aS4RDFo78GmWbug?authuser=0&hl=id&rclk=1","https://www.google.com/maps/place/J%26T+Express+SPBU_JATINEGARA/@-6.2144553,106.8624134,17z/data=!3m1!4b1!4m6!3m5!1s0x2e69f55c052c1d75:0xe86e9669f03b5a0c!8m2!3d-6.2144553!4d106.8624134!16s%2Fg%2F11q8z0hz2z?authuser=0&hl=id&entry=ttu","106.8624134","-6.2144553","Alamat","Spbu Pertamina (Bali Mester), Jl. Jatinegara Bar. No.4, RT.3/RW.3, Kp. Melayu, Kecamatan Jatinegara, Kota Jakarta Timur, Daerah Khusus Ibukota Jakarta 13320"
"J&T Express SPBU_JATINEGARA",1,1,"Buka ⋅ Tutup pukul 22.00","https://www.google.com/maps/place/J%26T+Express+SPBU_JATINEGARA/data=!4m7!3m6!1s0x2e69f55c052c1d75:0xe86e9669f03b5a0c!8m2!3d-6.2144553!4d106.8624134!16s%2Fg%2F11q8z0hz2z!19sChIJdR0sBVz1aS4RDFo78GmWbug?authuser=0&hl=id&rclk=1","https://www.google.com/maps/place/J%26T+Express+SPBU_JATINEGARA/@-6.2144553,106.8624134,17z/data=!3m1!4b1!4m6!3m5!1s0x2e69f55c052c1d75:0xe86e9669f03b5a0c!8m2!3d-6.2144553!4d106.8624134!16s%2Fg%2F11q8z0hz2z?authuser=0&hl=id&entry=ttu","106.8624134","-6.2144553","Situs Web","jet.co.id"
"J&T Express SPBU_JATINEGARA",1,1,"Buka ⋅ Tutup pukul 22.00","https://www.google.com/maps/place/J%26T+Express+SPBU_JATINEGARA/data=!4m7!3m6!1s0x2e69f55c052c1d75:0xe86e9669f03b5a0c!8m2!3d-6.2144553!4d106.8624134!16s%2Fg%2F11q8z0hz2z!19sChIJdR0sBVz1aS4RDFo78GmWbug?authuser=0&hl=id&rclk=1","https://www.google.com/maps/place/J%26T+Express+SPBU_JATINEGARA/@-6.2144553,106.8624134,17z/data=!3m1!4b1!4m6!3m5!1s0x2e69f55c052c1d75:0xe86e9669f03b5a0c!8m2!3d-6.2144553!4d106.8624134!16s%2Fg%2F11q8z0hz2z?authuser=0&hl=id&entry=ttu","106.8624134","-6.2144553","Telepon","0813-9853-4466"
"J&T Express SPBU_JATINEGARA",1,1,"Buka ⋅ Tutup pukul 22.00","https://www.google.com/maps/place/J%26T+Express+SPBU_JATINEGARA/data=!4m7!3m6!1s0x2e69f55c052c1d75:0xe86e9669f03b5a0c!8m2!3d-6.2144553!4d106.8624134!16s%2Fg%2F11q8z0hz2z!19sChIJdR0sBVz1aS4RDFo78GmWbug?authuser=0&hl=id&rclk=1","https://www.google.com/maps/place/J%26T+Express+SPBU_JATINEGARA/@-6.2144553,106.8624134,17z/data=!3m1!4b1!4m6!3m5!1s0x2e69f55c052c1d75:0xe86e9669f03b5a0c!8m2!3d-6.2144553!4d106.8624134!16s%2Fg%2F11q8z0hz2z?authuser=0&hl=id&entry=ttu","106.8624134","-6.2144553","Plus Codes","QVP6+6X Kp. Melayu, Kota Jakarta Timur, Daerah Khusus Ibukota Jakarta"
"j&T express pondok bambu",NA,NA,"unknown","https://www.google.com/maps/place/j%26T+express+pondok+bambu/data=!4m7!3m6!1s0x2e698df1075a412b:0x16d565f742011cbd!8m2!3d-6.2303812!4d106.9218076!16s%2Fg%2F11txf4ggy9!19sChIJK0FaB_GNaS4RvRwBQvdl1RY?authuser=0&hl=id&rclk=1","https://www.google.com/maps/place/j%26T+express+pondok+bambu/@-6.2303812,106.9218076,17z/data=!3m1!4b1!4m6!3m5!1s0x2e698df1075a412b:0x16d565f742011cbd!8m2!3d-6.2303812!4d106.9218076!16s%2Fg%2F11txf4ggy9?authuser=0&hl=id&entry=ttu","106.9218076","-6.2303812","Alamat","Jl. Pendidikan Raya No.69, RT.5/RW.14, Duren Sawit, Kec. Duren Sawit, Kota Jakarta Timur, Daerah Khusus Ibukota Jakarta 13440"
"j&T express pondok bambu",NA,NA,"unknown","https://www.google.com/maps/place/j%26T+express+pondok+bambu/data=!4m7!3m6!1s0x2e698df1075a412b:0x16d565f742011cbd!8m2!3d-6.2303812!4d106.9218076!16s%2Fg%2F11txf4ggy9!19sChIJK0FaB_GNaS4RvRwBQvdl1RY?authuser=0&hl=id&rclk=1","https://www.google.com/maps/place/j%26T+express+pondok+bambu/@-6.2303812,106.9218076,17z/data=!3m1!4b1!4m6!3m5!1s0x2e698df1075a412b:0x16d565f742011cbd!8m2!3d-6.2303812!4d106.9218076!16s%2Fg%2F11txf4ggy9?authuser=0&hl=id&entry=ttu","106.9218076","-6.2303812","Plus Codes","QW9C+RP Duren Sawit, Kota Jakarta Timur, Daerah Khusus Ibukota Jakarta"
"J&T Express",NA,NA,"unknown","https://www.google.com/maps/place/J%26T+Express/data=!4m7!3m6!1s0x2e698b9bc61fe4ad:0xd1cda99b473f7f0c!8m2!3d-6.1842502!4d106.9338483!16s%2Fg%2F11t_zdzzfd!19sChIJreQfxpuLaS4RDH8_R5upzdE?authuser=0&hl=id&rclk=1","https://www.google.com/maps/place/J%26T+Express/@-6.1842502,106.9338483,17z/data=!3m1!4b1!4m6!3m5!1s0x2e698b9bc61fe4ad:0xd1cda99b473f7f0c!8m2!3d-6.1842502!4d106.9338483!16s%2Fg%2F11t_zdzzfd?authuser=0&hl=id&entry=ttu","106.9338483","-6.1842502","Alamat","Jl. Raya Penggilingan No.23, RT.7/RW.8, Cakung Bar., Kec. Cakung, Kota Jakarta Timur, Daerah Khusus Ibukota Jakarta 13910"
"J&T Express",NA,NA,"unknown","https://www.google.com/maps/place/J%26T+Express/data=!4m7!3m6!1s0x2e698b9bc61fe4ad:0xd1cda99b473f7f0c!8m2!3d-6.1842502!4d106.9338483!16s%2Fg%2F11t_zdzzfd!19sChIJreQfxpuLaS4RDH8_R5upzdE?authuser=0&hl=id&rclk=1","https://www.google.com/maps/place/J%26T+Express/@-6.1842502,106.9338483,17z/data=!3m1!4b1!4m6!3m5!1s0x2e698b9bc61fe4ad:0xd1cda99b473f7f0c!8m2!3d-6.1842502!4d106.9338483!16s%2Fg%2F11t_zdzzfd?authuser=0&hl=id&entry=ttu","106.9338483","-6.1842502","Plus Codes","RW8M+7G Cakung Bar., Kota Jakarta Timur, Daerah Khusus Ibukota Jakarta"
"J&T Express Pondok Bambu",1.6,31,"unknown","https://www.google.com/maps/place/J%26T+Express+Pondok+Bambu/data=!4m7!3m6!1s0x2e69f34660148dc1:0x7e72cc1c013d0f59!8m2!3d-6.2313892!4d106.8974423!16s%2Fg%2F11hb6ts88m!19sChIJwY0UYEbzaS4RWQ89ARzMcn4?authuser=0&hl=id&rclk=1","https://www.google.com/maps/place/J%26T+Express+Pondok+Bambu/@-6.2313892,106.8974423,17z/data=!3m1!4b1!4m6!3m5!1s0x2e69f34660148dc1:0x7e72cc1c013d0f59!8m2!3d-6.2313892!4d106.8974423!16s%2Fg%2F11hb6ts88m?authuser=0&hl=id&entry=ttu","106.8974423","-6.2313892","Alamat","Jl. Pahlawan Revolusi No.8, RT.4/RW.9, Pd. Bambu, Kec. Duren Sawit, Kota Jakarta Timur, Daerah Khusus Ibukota Jakarta 13430"
"J&T Express Pondok Bambu",1.6,31,"unknown","https://www.google.com/maps/place/J%26T+Express+Pondok+Bambu/data=!4m7!3m6!1s0x2e69f34660148dc1:0x7e72cc1c013d0f59!8m2!3d-6.2313892!4d106.8974423!16s%2Fg%2F11hb6ts88m!19sChIJwY0UYEbzaS4RWQ89ARzMcn4?authuser=0&hl=id&rclk=1","https://www.google.com/maps/place/J%26T+Express+Pondok+Bambu/@-6.2313892,106.8974423,17z/data=!3m1!4b1!4m6!3m5!1s0x2e69f34660148dc1:0x7e72cc1c013d0f59!8m2!3d-6.2313892!4d106.8974423!16s%2Fg%2F11hb6ts88m?authuser=0&hl=id&entry=ttu","106.8974423","-6.2313892","Plus Codes","QV9W+CX Pd. Bambu, Kota Jakarta Timur, Daerah Khusus Ibukota Jakarta"
"J&T Express DC Pulogadung",1.6,113,"","https://www.google.com/maps/place/J%26T+Express+DC+Pulogadung/data=!4m7!3m6!1s0x2e69f569050c3095:0xc3437053835e8e5e!8m2!3d-6.1881532!4d106.9054397!16s%2Fg%2F11ftss98q1!19sChIJlTAMBWn1aS4RXo5eg1NwQ8M?authuser=0&hl=id&rclk=1","https://www.google.com/maps/place/J%26T+Express+DC+Pulogadung/@-6.1881532,106.9054397,17z/data=!3m1!4b1!4m6!3m5!1s0x2e69f569050c3095:0xc3437053835e8e5e!8m2!3d-6.1881532!4d106.9054397!16s%2Fg%2F11ftss98q1?authuser=0&hl=id&entry=ttu","106.9054397","-6.1881532","Alamat","Jl. Raya Bekasi KM. 18 No.28, RT.01/RW.06, Jatinegara Kaum, Kec. Pulo Gadung, Kota Jakarta Timur, Daerah Khusus Ibukota Jakarta, RT.1/RW.6, Jatinegara Kaum, Pulo Gadung, East Jakarta City, Jakarta 13250"
"J&T Express DC Pulogadung",1.6,113,"","https://www.google.com/maps/place/J%26T+Express+DC+Pulogadung/data=!4m7!3m6!1s0x2e69f569050c3095:0xc3437053835e8e5e!8m2!3d-6.1881532!4d106.9054397!16s%2Fg%2F11ftss98q1!19sChIJlTAMBWn1aS4RXo5eg1NwQ8M?authuser=0&hl=id&rclk=1","https://www.google.com/maps/place/J%26T+Express+DC+Pulogadung/@-6.1881532,106.9054397,17z/data=!3m1!4b1!4m6!3m5!1s0x2e69f569050c3095:0xc3437053835e8e5e!8m2!3d-6.1881532!4d106.9054397!16s%2Fg%2F11ftss98q1?authuser=0&hl=id&entry=ttu","106.9054397","-6.1881532","Telepon","0858-6727-6201"
"J&T Express DC Pulogadung",1.6,113,"","https://www.google.com/maps/place/J%26T+Express+DC+Pulogadung/data=!4m7!3m6!1s0x2e69f569050c3095:0xc3437053835e8e5e!8m2!3d-6.1881532!4d106.9054397!16s%2Fg%2F11ftss98q1!19sChIJlTAMBWn1aS4RXo5eg1NwQ8M?authuser=0&hl=id&rclk=1","https://www.google.com/maps/place/J%26T+Express+DC+Pulogadung/@-6.1881532,106.9054397,17z/data=!3m1!4b1!4m6!3m5!1s0x2e69f569050c3095:0xc3437053835e8e5e!8m2!3d-6.1881532!4d106.9054397!16s%2Fg%2F11ftss98q1?authuser=0&hl=id&entry=ttu","106.9054397","-6.1881532","Plus Codes","RW64+P5 Jatinegara Kaum, Kota Jakarta Timur, Daerah Khusus Ibukota Jakarta"
"J&T CP Pahlawan Revolusi",1,1,"unknown","https://www.google.com/maps/place/J%26T+CP+Pahlawan+Revolusi/data=!4m7!3m6!1s0x2e69f3b869b5abc3:0xfefac7fac3943cee!8m2!3d-6.2182938!4d106.8996966!16s%2Fg%2F11v03yj4gy!19sChIJw6u1abjzaS4R7jyUw_rH-v4?authuser=0&hl=id&rclk=1","https://www.google.com/maps/place/J%26T+CP+Pahlawan+Revolusi/@-6.2182938,106.8996966,17z/data=!3m1!4b1!4m6!3m5!1s0x2e69f3b869b5abc3:0xfefac7fac3943cee!8m2!3d-6.2182938!4d106.8996966!16s%2Fg%2F11v03yj4gy?authuser=0&hl=id&entry=ttu","106.8996966","-6.2182938","Alamat","Jl. Pahlawan Revolusi No.9A, RT.9/RW.4, Klender, Kec. Duren Sawit, Kota Jakarta Timur, Daerah Khusus Ibukota Jakarta 13470"
"J&T CP Pahlawan Revolusi",1,1,"unknown","https://www.google.com/maps/place/J%26T+CP+Pahlawan+Revolusi/data=!4m7!3m6!1s0x2e69f3b869b5abc3:0xfefac7fac3943cee!8m2!3d-6.2182938!4d106.8996966!16s%2Fg%2F11v03yj4gy!19sChIJw6u1abjzaS4R7jyUw_rH-v4?authuser=0&hl=id&rclk=1","https://www.google.com/maps/place/J%26T+CP+Pahlawan+Revolusi/@-6.2182938,106.8996966,17z/data=!3m1!4b1!4m6!3m5!1s0x2e69f3b869b5abc3:0xfefac7fac3943cee!8m2!3d-6.2182938!4d106.8996966!16s%2Fg%2F11v03yj4gy?authuser=0&hl=id&entry=ttu","106.8996966","-6.2182938","Telepon","0821-2498-3633"
"J&T CP Pahlawan Revolusi",1,1,"unknown","https://www.google.com/maps/place/J%26T+CP+Pahlawan+Revolusi/data=!4m7!3m6!1s0x2e69f3b869b5abc3:0xfefac7fac3943cee!8m2!3d-6.2182938!4d106.8996966!16s%2Fg%2F11v03yj4gy!19sChIJw6u1abjzaS4R7jyUw_rH-v4?authuser=0&hl=id&rclk=1","https://www.google.com/maps/place/J%26T+CP+Pahlawan+Revolusi/@-6.2182938,106.8996966,17z/data=!3m1!4b1!4m6!3m5!1s0x2e69f3b869b5abc3:0xfefac7fac3943cee!8m2!3d-6.2182938!4d106.8996966!16s%2Fg%2F11v03yj4gy?authuser=0&hl=id&entry=ttu","106.8996966","-6.2182938","Plus Codes","QVJX+MV Klender, Kota Jakarta Timur, Daerah Khusus Ibukota Jakarta"
"J&T dp pondok bambu",NA,NA,"Tutup ⋅ Buka pukul 20.00","https://www.google.com/maps/place/J%26T+dp+pondok+bambu/data=!4m7!3m6!1s0x2e69f3067785ae91:0x3638d6eca9c53723!8m2!3d-6.2194491!4d106.8994758!16s%2Fg%2F11sbfkt04q!19sChIJka6FdwbzaS4RIzfFqezWODY?authuser=0&hl=id&rclk=1","https://www.google.com/maps/place/J%26T+dp+pondok+bambu/@-6.2194491,106.8994758,17z/data=!3m1!4b1!4m6!3m5!1s0x2e69f3067785ae91:0x3638d6eca9c53723!8m2!3d-6.2194491!4d106.8994758!16s%2Fg%2F11sbfkt04q?authuser=0&hl=id&entry=ttu","106.8994758","-6.2194491","Alamat","Jl. Pahlawan Revolusi No.8, RW.4, Klender, Kec. Duren Sawit, Kota Jakarta Timur, Daerah Khusus Ibukota Jakarta 13470"
"J&T dp pondok bambu",NA,NA,"Tutup ⋅ Buka pukul 20.00","https://www.google.com/maps/place/J%26T+dp+pondok+bambu/data=!4m7!3m6!1s0x2e69f3067785ae91:0x3638d6eca9c53723!8m2!3d-6.2194491!4d106.8994758!16s%2Fg%2F11sbfkt04q!19sChIJka6FdwbzaS4RIzfFqezWODY?authuser=0&hl=id&rclk=1","https://www.google.com/maps/place/J%26T+dp+pondok+bambu/@-6.2194491,106.8994758,17z/data=!3m1!4b1!4m6!3m5!1s0x2e69f3067785ae91:0x3638d6eca9c53723!8m2!3d-6.2194491!4d106.8994758!16s%2Fg%2F11sbfkt04q?authuser=0&hl=id&entry=ttu","106.8994758","-6.2194491","Plus Codes","QVJX+6Q Klender, Kota Jakarta Timur, Daerah Khusus Ibukota Jakarta"
"Jnt express ciracas (collection point) BUKAN DC CIRACAS !!",4,141,"","https://www.google.com/maps/place/Jnt+express+ciracas+%28collection+point%29+BUKAN+DC+CIRACAS+!!/data=!4m7!3m6!1s0x2e69edb81b207335:0xf4205ab323cceb20!8m2!3d-6.3284324!4d106.8789437!16s%2Fg%2F11gy0g4392!19sChIJNXMgG7jtaS4RIOvMI7NaIPQ?authuser=0&hl=id&rclk=1","https://www.google.com/maps/place/Jnt+express+ciracas+(collection+point)+BUKAN+DC+CIRACAS+!!/@-6.3284324,106.8789437,17z/data=!3m1!4b1!4m6!3m5!1s0x2e69edb81b207335:0xf4205ab323cceb20!8m2!3d-6.3284324!4d106.8789437!16s%2Fg%2F11gy0g4392?authuser=0&hl=id&entry=ttu","106.8789437","-6.3284324","Alamat","Jl .raya ciracas Rt 4 Rw 3 No 6 Kel : Ciracas , Kec : Ciracas Pusdiklatkar damkar, RT.4/RW.3, Ciracas, Kec. Ciracas, Kota Jakarta Timur, Daerah Khusus Ibukota Jakarta 13740"
"Jnt express ciracas (collection point) BUKAN DC CIRACAS !!",4,141,"","https://www.google.com/maps/place/Jnt+express+ciracas+%28collection+point%29+BUKAN+DC+CIRACAS+!!/data=!4m7!3m6!1s0x2e69edb81b207335:0xf4205ab323cceb20!8m2!3d-6.3284324!4d106.8789437!16s%2Fg%2F11gy0g4392!19sChIJNXMgG7jtaS4RIOvMI7NaIPQ?authuser=0&hl=id&rclk=1","https://www.google.com/maps/place/Jnt+express+ciracas+(collection+point)+BUKAN+DC+CIRACAS+!!/@-6.3284324,106.8789437,17z/data=!3m1!4b1!4m6!3m5!1s0x2e69edb81b207335:0xf4205ab323cceb20!8m2!3d-6.3284324!4d106.8789437!16s%2Fg%2F11gy0g4392?authuser=0&hl=id&entry=ttu","106.8789437","-6.3284324","Telepon","0818-0844-9181"
"Jnt express ciracas (collection point) BUKAN DC CIRACAS !!",4,141,"","https://www.google.com/maps/place/Jnt+express+ciracas+%28collection+point%29+BUKAN+DC+CIRACAS+!!/data=!4m7!3m6!1s0x2e69edb81b207335:0xf4205ab323cceb20!8m2!3d-6.3284324!4d106.8789437!16s%2Fg%2F11gy0g4392!19sChIJNXMgG7jtaS4RIOvMI7NaIPQ?authuser=0&hl=id&rclk=1","https://www.google.com/maps/place/Jnt+express+ciracas+(collection+point)+BUKAN+DC+CIRACAS+!!/@-6.3284324,106.8789437,17z/data=!3m1!4b1!4m6!3m5!1s0x2e69edb81b207335:0xf4205ab323cceb20!8m2!3d-6.3284324!4d106.8789437!16s%2Fg%2F11gy0g4392?authuser=0&hl=id&entry=ttu","106.8789437","-6.3284324","Plus Codes","MVCH+JH Ciracas, Kota Jakarta Timur, Daerah Khusus Ibukota Jakarta"
"JNT CARGO PONDOK KELAPA",5,3,"","https://www.google.com/maps/place/JNT+CARGO+PONDOK+KELAPA/data=!4m7!3m6!1s0x2e698d5584796063:0x9cefaf5235da1a9b!8m2!3d-6.2511003!4d106.9359798!16s%2Fg%2F11jyk6k87_!19sChIJY2B5hFWNaS4RmxraNVKv75w?authuser=0&hl=id&rclk=1","https://www.google.com/maps/place/JNT+CARGO+PONDOK+KELAPA/@-6.2511003,106.9359798,17z/data=!3m1!4b1!4m6!3m5!1s0x2e698d5584796063:0x9cefaf5235da1a9b!8m2!3d-6.2511003!4d106.9359798!16s%2Fg%2F11jyk6k87_?authuser=0&hl=id&entry=ttu","106.9359798","-6.2511003","Alamat","PWXP+H95, Jl. Pondok Kelapa Selatan I, RT.2/RW.5, Pd. Klp., Kec. Duren Sawit, Kota Jakarta Timur, Daerah Khusus Ibukota Jakarta 13450"
"JNT CARGO PONDOK KELAPA",5,3,"","https://www.google.com/maps/place/JNT+CARGO+PONDOK+KELAPA/data=!4m7!3m6!1s0x2e698d5584796063:0x9cefaf5235da1a9b!8m2!3d-6.2511003!4d106.9359798!16s%2Fg%2F11jyk6k87_!19sChIJY2B5hFWNaS4RmxraNVKv75w?authuser=0&hl=id&rclk=1","https://www.google.com/maps/place/JNT+CARGO+PONDOK+KELAPA/@-6.2511003,106.9359798,17z/data=!3m1!4b1!4m6!3m5!1s0x2e698d5584796063:0x9cefaf5235da1a9b!8m2!3d-6.2511003!4d106.9359798!16s%2Fg%2F11jyk6k87_?authuser=0&hl=id&entry=ttu","106.9359798","-6.2511003","Terletak di","Lampiri"
"JNT CARGO PONDOK KELAPA",5,3,"","https://www.google.com/maps/place/JNT+CARGO+PONDOK+KELAPA/data=!4m7!3m6!1s0x2e698d5584796063:0x9cefaf5235da1a9b!8m2!3d-6.2511003!4d106.9359798!16s%2Fg%2F11jyk6k87_!19sChIJY2B5hFWNaS4RmxraNVKv75w?authuser=0&hl=id&rclk=1","https://www.google.com/maps/place/JNT+CARGO+PONDOK+KELAPA/@-6.2511003,106.9359798,17z/data=!3m1!4b1!4m6!3m5!1s0x2e698d5584796063:0x9cefaf5235da1a9b!8m2!3d-6.2511003!4d106.9359798!16s%2Fg%2F11jyk6k87_?authuser=0&hl=id&entry=ttu","106.9359798","-6.2511003","Telepon","0857-2112-4727"
"J&T EXPRESS SETU CIPAYUNG",3.8,76,"Buka ⋅ Tutup pukul 22.00","https://www.google.com/maps/place/J%26T+EXPRESS+SETU+CIPAYUNG/data=!4m7!3m6!1s0x2e69ed4ac962a455:0xcc9dd49a8d1a6954!8m2!3d-6.3151579!4d106.91188!16s%2Fg%2F11gdfzv3px!19sChIJVaRiyUrtaS4RVGkajZrUncw?authuser=0&hl=id&rclk=1","https://www.google.com/maps/place/J%26T+EXPRESS+SETU+CIPAYUNG/@-6.3151579,106.91188,17z/data=!3m1!4b1!4m6!3m5!1s0x2e69ed4ac962a455:0xcc9dd49a8d1a6954!8m2!3d-6.3151579!4d106.91188!16s%2Fg%2F11gdfzv3px?authuser=0&hl=id&entry=ttu","106.91188","-6.3151579","Alamat","2, Jl. Setu Cipayung No.9B, RT.3/RW.3, Setu, Kec. Cipayung, Kota Jakarta Timur, Daerah Khusus Ibukota Jakarta 13880"
"J&T EXPRESS SETU CIPAYUNG",3.8,76,"Buka ⋅ Tutup pukul 22.00","https://www.google.com/maps/place/J%26T+EXPRESS+SETU+CIPAYUNG/data=!4m7!3m6!1s0x2e69ed4ac962a455:0xcc9dd49a8d1a6954!8m2!3d-6.3151579!4d106.91188!16s%2Fg%2F11gdfzv3px!19sChIJVaRiyUrtaS4RVGkajZrUncw?authuser=0&hl=id&rclk=1","https://www.google.com/maps/place/J%26T+EXPRESS+SETU+CIPAYUNG/@-6.3151579,106.91188,17z/data=!3m1!4b1!4m6!3m5!1s0x2e69ed4ac962a455:0xcc9dd49a8d1a6954!8m2!3d-6.3151579!4d106.91188!16s%2Fg%2F11gdfzv3px?authuser=0&hl=id&entry=ttu","106.91188","-6.3151579","Telepon","(021) 29824888"
"J&T EXPRESS SETU CIPAYUNG",3.8,76,"Buka ⋅ Tutup pukul 22.00","https://www.google.com/maps/place/J%26T+EXPRESS+SETU+CIPAYUNG/data=!4m7!3m6!1s0x2e69ed4ac962a455:0xcc9dd49a8d1a6954!8m2!3d-6.3151579!4d106.91188!16s%2Fg%2F11gdfzv3px!19sChIJVaRiyUrtaS4RVGkajZrUncw?authuser=0&hl=id&rclk=1","https://www.google.com/maps/place/J%26T+EXPRESS+SETU+CIPAYUNG/@-6.3151579,106.91188,17z/data=!3m1!4b1!4m6!3m5!1s0x2e69ed4ac962a455:0xcc9dd49a8d1a6954!8m2!3d-6.3151579!4d106.91188!16s%2Fg%2F11gdfzv3px?authuser=0&hl=id&entry=ttu","106.91188","-6.3151579","Plus Codes","MWM6+WQ Setu, Kota Jakarta Timur, Daerah Khusus Ibukota Jakarta"
"J&T Cargo (JNT Cargo) JKT150B / SAP Express Cipinang Indah",5,8,"Buka ⋅ Tutup pukul 18.00","https://www.google.com/maps/place/J%26T+Cargo+%28JNT+Cargo%29+JKT150B+%2F+SAP+Express+Cipinang+Indah/data=!4m7!3m6!1s0x2e69f37d4c7ec353:0xad3faa3b28d4589d!8m2!3d-6.2350555!4d106.8888689!16s%2Fg%2F11sfd9_sv2!19sChIJU8N-TH3zaS4RnVjUKDuqP60?authuser=0&hl=id&rclk=1","https://www.google.com/maps/place/J%26T+Cargo+(JNT+Cargo)+JKT150B+%2F+SAP+Express+Cipinang+Indah/@-6.2350555,106.8888689,17z/data=!3m1!4b1!4m6!3m5!1s0x2e69f37d4c7ec353:0xad3faa3b28d4589d!8m2!3d-6.2350555!4d106.8888689!16s%2Fg%2F11sfd9_sv2?authuser=0&hl=id&entry=ttu","106.8888689","-6.2350555","Alamat","Jl. Cipinang Indah I Blok: E no.6, RT.7/RW.16, Cipinang Muara, Jatinegara, East Jakarta City, Jakarta 13420"
"J&T Cargo (JNT Cargo) JKT150B / SAP Express Cipinang Indah",5,8,"Buka ⋅ Tutup pukul 18.00","https://www.google.com/maps/place/J%26T+Cargo+%28JNT+Cargo%29+JKT150B+%2F+SAP+Express+Cipinang+Indah/data=!4m7!3m6!1s0x2e69f37d4c7ec353:0xad3faa3b28d4589d!8m2!3d-6.2350555!4d106.8888689!16s%2Fg%2F11sfd9_sv2!19sChIJU8N-TH3zaS4RnVjUKDuqP60?authuser=0&hl=id&rclk=1","https://www.google.com/maps/place/J%26T+Cargo+(JNT+Cargo)+JKT150B+%2F+SAP+Express+Cipinang+Indah/@-6.2350555,106.8888689,17z/data=!3m1!4b1!4m6!3m5!1s0x2e69f37d4c7ec353:0xad3faa3b28d4589d!8m2!3d-6.2350555!4d106.8888689!16s%2Fg%2F11sfd9_sv2?authuser=0&hl=id&entry=ttu","106.8888689","-6.2350555","Telepon","0856-7775-151"
"J&T Cargo (JNT Cargo) JKT150B / SAP Express Cipinang Indah",5,8,"Buka ⋅ Tutup pukul 18.00","https://www.google.com/maps/place/J%26T+Cargo+%28JNT+Cargo%29+JKT150B+%2F+SAP+Express+Cipinang+Indah/data=!4m7!3m6!1s0x2e69f37d4c7ec353:0xad3faa3b28d4589d!8m2!3d-6.2350555!4d106.8888689!16s%2Fg%2F11sfd9_sv2!19sChIJU8N-TH3zaS4RnVjUKDuqP60?authuser=0&hl=id&rclk=1","https://www.google.com/maps/place/J%26T+Cargo+(JNT+Cargo)+JKT150B+%2F+SAP+Express+Cipinang+Indah/@-6.2350555,106.8888689,17z/data=!3m1!4b1!4m6!3m5!1s0x2e69f37d4c7ec353:0xad3faa3b28d4589d!8m2!3d-6.2350555!4d106.8888689!16s%2Fg%2F11sfd9_sv2?authuser=0&hl=id&entry=ttu","106.8888689","-6.2350555","Plus Codes","QV7Q+XG Cipinang Muara, Kota Jakarta Timur, Daerah Khusus Ibukota Jakarta"
"JNT CENTEX",4.6,14,"Buka ⋅ Tutup pukul 22.00","https://www.google.com/maps/place/JNT+CENTEX/data=!4m7!3m6!1s0x2e69ed94747599c1:0xca1ed21b04af37d9!8m2!3d-6.3237561!4d106.8766537!16s%2Fg%2F11s3d73kgk!19sChIJwZl1dJTtaS4R2TevBBvSHso?authuser=0&hl=id&rclk=1","https://www.google.com/maps/place/JNT+CENTEX/@-6.3237561,106.8766537,17z/data=!3m1!4b1!4m6!3m5!1s0x2e69ed94747599c1:0xca1ed21b04af37d9!8m2!3d-6.3237561!4d106.8766537!16s%2Fg%2F11s3d73kgk?authuser=0&hl=id&entry=ttu","106.8766537","-6.3237561","Alamat","Jl. Raya Centex RT. 03/ 010, Gg. Sopan No.Samping, Daerah Khusus Ibukota Jakarta 13740"
"JNT CENTEX",4.6,14,"Buka ⋅ Tutup pukul 22.00","https://www.google.com/maps/place/JNT+CENTEX/data=!4m7!3m6!1s0x2e69ed94747599c1:0xca1ed21b04af37d9!8m2!3d-6.3237561!4d106.8766537!16s%2Fg%2F11s3d73kgk!19sChIJwZl1dJTtaS4R2TevBBvSHso?authuser=0&hl=id&rclk=1","https://www.google.com/maps/place/JNT+CENTEX/@-6.3237561,106.8766537,17z/data=!3m1!4b1!4m6!3m5!1s0x2e69ed94747599c1:0xca1ed21b04af37d9!8m2!3d-6.3237561!4d106.8766537!16s%2Fg%2F11s3d73kgk?authuser=0&hl=id&entry=ttu","106.8766537","-6.3237561","Situs Web","cpcentex.com"
"JNT CENTEX",4.6,14,"Buka ⋅ Tutup pukul 22.00","https://www.google.com/maps/place/JNT+CENTEX/data=!4m7!3m6!1s0x2e69ed94747599c1:0xca1ed21b04af37d9!8m2!3d-6.3237561!4d106.8766537!16s%2Fg%2F11s3d73kgk!19sChIJwZl1dJTtaS4R2TevBBvSHso?authuser=0&hl=id&rclk=1","https://www.google.com/maps/place/JNT+CENTEX/@-6.3237561,106.8766537,17z/data=!3m1!4b1!4m6!3m5!1s0x2e69ed94747599c1:0xca1ed21b04af37d9!8m2!3d-6.3237561!4d106.8766537!16s%2Fg%2F11s3d73kgk?authuser=0&hl=id&entry=ttu","106.8766537","-6.3237561","Telepon","0878-4797-2288"
"JNT CENTEX",4.6,14,"Buka ⋅ Tutup pukul 22.00","https://www.google.com/maps/place/JNT+CENTEX/data=!4m7!3m6!1s0x2e69ed94747599c1:0xca1ed21b04af37d9!8m2!3d-6.3237561!4d106.8766537!16s%2Fg%2F11s3d73kgk!19sChIJwZl1dJTtaS4R2TevBBvSHso?authuser=0&hl=id&rclk=1","https://www.google.com/maps/place/JNT+CENTEX/@-6.3237561,106.8766537,17z/data=!3m1!4b1!4m6!3m5!1s0x2e69ed94747599c1:0xca1ed21b04af37d9!8m2!3d-6.3237561!4d106.8766537!16s%2Fg%2F11s3d73kgk?authuser=0&hl=id&entry=ttu","106.8766537","-6.3237561","Plus Codes","MVGG+FM Ciracas, Kota Jakarta Timur, Daerah Khusus Ibukota Jakarta"
"J&T Express",4.5,4,"Buka 24 jam","https://www.google.com/maps/place/J%26T+Express/data=!4m7!3m6!1s0x2e698b98b4e4470b:0x2cd2ff4b27b17f49!8m2!3d-6.1933423!4d106.9654971!16s%2Fg%2F11rbf2pm99!19sChIJC0fktJiLaS4RSX-xJ0v_0iw?authuser=0&hl=id&rclk=1","https://www.google.com/maps/place/J%26T+Express/@-6.1933423,106.9654971,17z/data=!3m1!4b1!4m6!3m5!1s0x2e698b98b4e4470b:0x2cd2ff4b27b17f49!8m2!3d-6.1933423!4d106.9654971!16s%2Fg%2F11rbf2pm99?authuser=0&hl=id&entry=ttu","106.9654971","-6.1933423","Alamat","Jl. Rw. Kuning No.1, RT.1/RW.2, Pulo Gebang, Kec. Cakung, Kota Jakarta Timur, Daerah Khusus Ibukota Jakarta 13950"
"J&T Express",4.5,4,"Buka 24 jam","https://www.google.com/maps/place/J%26T+Express/data=!4m7!3m6!1s0x2e698b98b4e4470b:0x2cd2ff4b27b17f49!8m2!3d-6.1933423!4d106.9654971!16s%2Fg%2F11rbf2pm99!19sChIJC0fktJiLaS4RSX-xJ0v_0iw?authuser=0&hl=id&rclk=1","https://www.google.com/maps/place/J%26T+Express/@-6.1933423,106.9654971,17z/data=!3m1!4b1!4m6!3m5!1s0x2e698b98b4e4470b:0x2cd2ff4b27b17f49!8m2!3d-6.1933423!4d106.9654971!16s%2Fg%2F11rbf2pm99?authuser=0&hl=id&entry=ttu","106.9654971","-6.1933423","Plus Codes","RX48+M5 Pulo Gebang, Kota Jakarta Timur, Daerah Khusus Ibukota Jakarta"
"J&T EXPRESS DP PONDOK BAMBU",2.7,10,"Buka ⋅ Tutup pukul 22.00","https://www.google.com/maps/place/J%26T+EXPRESS+DP+PONDOK+BAMBU/data=!4m7!3m6!1s0x2e69f32bf370d607:0x334ad8afbd82f5d6!8m2!3d-6.2376251!4d106.8984546!16s%2Fg%2F11tmzx1bzw!19sChIJB9Zw8yvzaS4R1vWCva_YSjM?authuser=0&hl=id&rclk=1","https://www.google.com/maps/place/J%26T+EXPRESS+DP+PONDOK+BAMBU/@-6.2376251,106.8984546,17z/data=!3m1!4b1!4m6!3m5!1s0x2e69f32bf370d607:0x334ad8afbd82f5d6!8m2!3d-6.2376251!4d106.8984546!16s%2Fg%2F11tmzx1bzw?authuser=0&hl=id&entry=ttu","106.8984546","-6.2376251","Alamat","Jl. Pahlawan Revolusi No.2, RW.4, Pd. Bambu, Kec. Duren Sawit, Kota Jakarta Timur, Daerah Khusus Ibukota Jakarta 13430"
"J&T EXPRESS DP PONDOK BAMBU",2.7,10,"Buka ⋅ Tutup pukul 22.00","https://www.google.com/maps/place/J%26T+EXPRESS+DP+PONDOK+BAMBU/data=!4m7!3m6!1s0x2e69f32bf370d607:0x334ad8afbd82f5d6!8m2!3d-6.2376251!4d106.8984546!16s%2Fg%2F11tmzx1bzw!19sChIJB9Zw8yvzaS4R1vWCva_YSjM?authuser=0&hl=id&rclk=1","https://www.google.com/maps/place/J%26T+EXPRESS+DP+PONDOK+BAMBU/@-6.2376251,106.8984546,17z/data=!3m1!4b1!4m6!3m5!1s0x2e69f32bf370d607:0x334ad8afbd82f5d6!8m2!3d-6.2376251!4d106.8984546!16s%2Fg%2F11tmzx1bzw?authuser=0&hl=id&entry=ttu","106.8984546","-6.2376251","Plus Codes","QV6X+W9 Pd. Bambu, Kota Jakarta Timur, Daerah Khusus Ibukota Jakarta"
"J&T CARGO DUREN SAWIT (JKT025B)",3.9,16,"Buka ⋅ Tutup pukul 19.45","https://www.google.com/maps/place/J%26T+CARGO+DUREN+SAWIT+%28JKT025B%29/data=!4m7!3m6!1s0x2e698daa6d161a99:0xa9678a6ab256313c!8m2!3d-6.220722!4d106.9173015!16s%2Fg%2F11p6nzw_yx!19sChIJmRoWbaqNaS4RPDFWsmqKZ6k?authuser=0&hl=id&rclk=1","https://www.google.com/maps/place/J%26T+CARGO+DUREN+SAWIT+(JKT025B)/@-6.220722,106.9173015,17z/data=!3m1!4b1!4m6!3m5!1s0x2e698daa6d161a99:0xa9678a6ab256313c!8m2!3d-6.220722!4d106.9173015!16s%2Fg%2F11p6nzw_yx?authuser=0&hl=id&entry=ttu","106.9173015","-6.220722","Alamat","Jl. Buaran Raya No.9, RT.1/RW.13, Klender, Kec. Duren Sawit, Kota Jakarta Timur, Daerah Khusus Ibukota Jakarta 13470"
"J&T CARGO DUREN SAWIT (JKT025B)",3.9,16,"Buka ⋅ Tutup pukul 19.45","https://www.google.com/maps/place/J%26T+CARGO+DUREN+SAWIT+%28JKT025B%29/data=!4m7!3m6!1s0x2e698daa6d161a99:0xa9678a6ab256313c!8m2!3d-6.220722!4d106.9173015!16s%2Fg%2F11p6nzw_yx!19sChIJmRoWbaqNaS4RPDFWsmqKZ6k?authuser=0&hl=id&rclk=1","https://www.google.com/maps/place/J%26T+CARGO+DUREN+SAWIT+(JKT025B)/@-6.220722,106.9173015,17z/data=!3m1!4b1!4m6!3m5!1s0x2e698daa6d161a99:0xa9678a6ab256313c!8m2!3d-6.220722!4d106.9173015!16s%2Fg%2F11p6nzw_yx?authuser=0&hl=id&entry=ttu","106.9173015","-6.220722","Telepon","0812-8260-5285"
"J&T CARGO DUREN SAWIT (JKT025B)",3.9,16,"Buka ⋅ Tutup pukul 19.45","https://www.google.com/maps/place/J%26T+CARGO+DUREN+SAWIT+%28JKT025B%29/data=!4m7!3m6!1s0x2e698daa6d161a99:0xa9678a6ab256313c!8m2!3d-6.220722!4d106.9173015!16s%2Fg%2F11p6nzw_yx!19sChIJmRoWbaqNaS4RPDFWsmqKZ6k?authuser=0&hl=id&rclk=1","https://www.google.com/maps/place/J%26T+CARGO+DUREN+SAWIT+(JKT025B)/@-6.220722,106.9173015,17z/data=!3m1!4b1!4m6!3m5!1s0x2e698daa6d161a99:0xa9678a6ab256313c!8m2!3d-6.220722!4d106.9173015!16s%2Fg%2F11p6nzw_yx?authuser=0&hl=id&entry=ttu","106.9173015","-6.220722","Plus Codes","QWH8+PW Klender, Kota Jakarta Timur, Daerah Khusus Ibukota Jakarta"
"J&T Klender",3.8,71,"Tutup sementara","https://www.google.com/maps/place/J%26T+Klender/data=!4m7!3m6!1s0x2e69f31828587d91:0x856f72c7ea62d776!8m2!3d-6.2187187!4d106.899608!16s%2Fg%2F11h4cqq9pp!19sChIJkX1YKBjzaS4Rdtdi6sdyb4U?authuser=0&hl=id&rclk=1","https://www.google.com/maps/place/J%26T+Klender/@-6.2187187,106.899608,17z/data=!3m1!4b1!4m6!3m5!1s0x2e69f31828587d91:0x856f72c7ea62d776!8m2!3d-6.2187187!4d106.899608!16s%2Fg%2F11h4cqq9pp?authuser=0&hl=id&entry=ttu","106.899608","-6.2187187","Alamat","Jl. Pahlawan Revolusi No.38, RT.9/RW.4, Klender, Kec. Duren Sawit, Kota Jakarta Timur, Daerah Khusus Ibukota Jakarta 13470"
"J&T Klender",3.8,71,"Tutup sementara","https://www.google.com/maps/place/J%26T+Klender/data=!4m7!3m6!1s0x2e69f31828587d91:0x856f72c7ea62d776!8m2!3d-6.2187187!4d106.899608!16s%2Fg%2F11h4cqq9pp!19sChIJkX1YKBjzaS4Rdtdi6sdyb4U?authuser=0&hl=id&rclk=1","https://www.google.com/maps/place/J%26T+Klender/@-6.2187187,106.899608,17z/data=!3m1!4b1!4m6!3m5!1s0x2e69f31828587d91:0x856f72c7ea62d776!8m2!3d-6.2187187!4d106.899608!16s%2Fg%2F11h4cqq9pp?authuser=0&hl=id&entry=ttu","106.899608","-6.2187187","Telepon","0821-2498-3633"
"J&T Klender",3.8,71,"Tutup sementara","https://www.google.com/maps/place/J%26T+Klender/data=!4m7!3m6!1s0x2e69f31828587d91:0x856f72c7ea62d776!8m2!3d-6.2187187!4d106.899608!16s%2Fg%2F11h4cqq9pp!19sChIJkX1YKBjzaS4Rdtdi6sdyb4U?authuser=0&hl=id&rclk=1","https://www.google.com/maps/place/J%26T+Klender/@-6.2187187,106.899608,17z/data=!3m1!4b1!4m6!3m5!1s0x2e69f31828587d91:0x856f72c7ea62d776!8m2!3d-6.2187187!4d106.899608!16s%2Fg%2F11h4cqq9pp?authuser=0&hl=id&entry=ttu","106.899608","-6.2187187","Plus Codes","QVJX+GR Klender, Kota Jakarta Timur, Daerah Khusus Ibukota Jakarta"
"J&T Point Shipper",NA,NA,"unknown","https://www.google.com/maps/place/J%26T+Point+Shipper/data=!4m7!3m6!1s0x2e698b6ec2b5bf17:0x323edb0d2b224dc5!8m2!3d-6.2076342!4d106.9430351!16s%2Fg%2F11mxd56yvg!19sChIJF7-1wm6LaS4RxU0iKw3bPjI?authuser=0&hl=id&rclk=1","https://www.google.com/maps/place/J%26T+Point+Shipper/@-6.2076342,106.9430351,17z/data=!3m1!4b1!4m6!3m5!1s0x2e698b6ec2b5bf17:0x323edb0d2b224dc5!8m2!3d-6.2076342!4d106.9430351!16s%2Fg%2F11mxd56yvg?authuser=0&hl=id&entry=ttu","106.9430351","-6.2076342","Alamat","Jl. Komarudin Lama No.13, RT.10/RW.5, Pulo Gebang, Kec. Cakung, Kota Jakarta Timur, Daerah Khusus Ibukota Jakarta 13950"
"J&T Point Shipper",NA,NA,"unknown","https://www.google.com/maps/place/J%26T+Point+Shipper/data=!4m7!3m6!1s0x2e698b6ec2b5bf17:0x323edb0d2b224dc5!8m2!3d-6.2076342!4d106.9430351!16s%2Fg%2F11mxd56yvg!19sChIJF7-1wm6LaS4RxU0iKw3bPjI?authuser=0&hl=id&rclk=1","https://www.google.com/maps/place/J%26T+Point+Shipper/@-6.2076342,106.9430351,17z/data=!3m1!4b1!4m6!3m5!1s0x2e698b6ec2b5bf17:0x323edb0d2b224dc5!8m2!3d-6.2076342!4d106.9430351!16s%2Fg%2F11mxd56yvg?authuser=0&hl=id&entry=ttu","106.9430351","-6.2076342","Situs Web","shipper.id"
"J&T Point Shipper",NA,NA,"unknown","https://www.google.com/maps/place/J%26T+Point+Shipper/data=!4m7!3m6!1s0x2e698b6ec2b5bf17:0x323edb0d2b224dc5!8m2!3d-6.2076342!4d106.9430351!16s%2Fg%2F11mxd56yvg!19sChIJF7-1wm6LaS4RxU0iKw3bPjI?authuser=0&hl=id&rclk=1","https://www.google.com/maps/place/J%26T+Point+Shipper/@-6.2076342,106.9430351,17z/data=!3m1!4b1!4m6!3m5!1s0x2e698b6ec2b5bf17:0x323edb0d2b224dc5!8m2!3d-6.2076342!4d106.9430351!16s%2Fg%2F11mxd56yvg?authuser=0&hl=id&entry=ttu","106.9430351","-6.2076342","Telepon","0815-8407-5643"
"J&T Point Shipper",NA,NA,"unknown","https://www.google.com/maps/place/J%26T+Point+Shipper/data=!4m7!3m6!1s0x2e698b6ec2b5bf17:0x323edb0d2b224dc5!8m2!3d-6.2076342!4d106.9430351!16s%2Fg%2F11mxd56yvg!19sChIJF7-1wm6LaS4RxU0iKw3bPjI?authuser=0&hl=id&rclk=1","https://www.google.com/maps/place/J%26T+Point+Shipper/@-6.2076342,106.9430351,17z/data=!3m1!4b1!4m6!3m5!1s0x2e698b6ec2b5bf17:0x323edb0d2b224dc5!8m2!3d-6.2076342!4d106.9430351!16s%2Fg%2F11mxd56yvg?authuser=0&hl=id&entry=ttu","106.9430351","-6.2076342","Plus Codes","QWRV+W6 Pulo Gebang, Kota Jakarta Timur, Daerah Khusus Ibukota Jakarta"
"J&T Express",3,2,"unknown","https://www.google.com/maps/place/J%26T+Express/data=!4m7!3m6!1s0x2e698b6f5b49fa05:0x5bf3929ccfccad2b!8m2!3d-6.2025869!4d106.9427805!16s%2Fg%2F11r_vp2s0c!19sChIJBfpJW2-LaS4RK63Mz5yS81s?authuser=0&hl=id&rclk=1","https://www.google.com/maps/place/J%26T+Express/@-6.2025869,106.9427805,17z/data=!3m1!4b1!4m6!3m5!1s0x2e698b6f5b49fa05:0x5bf3929ccfccad2b!8m2!3d-6.2025869!4d106.9427805!16s%2Fg%2F11r_vp2s0c?authuser=0&hl=id&entry=ttu","106.9427805","-6.2025869","Alamat","Jl. Komarudin Lama No.40, RT.15/RW.5, Pulo Gebang, Kec. Cakung, Kota Jakarta Timur, Daerah Khusus Ibukota Jakarta 13950"
"J&T Express",3,2,"unknown","https://www.google.com/maps/place/J%26T+Express/data=!4m7!3m6!1s0x2e698b6f5b49fa05:0x5bf3929ccfccad2b!8m2!3d-6.2025869!4d106.9427805!16s%2Fg%2F11r_vp2s0c!19sChIJBfpJW2-LaS4RK63Mz5yS81s?authuser=0&hl=id&rclk=1","https://www.google.com/maps/place/J%26T+Express/@-6.2025869,106.9427805,17z/data=!3m1!4b1!4m6!3m5!1s0x2e698b6f5b49fa05:0x5bf3929ccfccad2b!8m2!3d-6.2025869!4d106.9427805!16s%2Fg%2F11r_vp2s0c?authuser=0&hl=id&entry=ttu","106.9427805","-6.2025869","Plus Codes","QWWV+X4 Pulo Gebang, Kota Jakarta Timur, Daerah Khusus Ibukota Jakarta"
"J&T Express KALIBARU_TIMUR",3.9,35,"Buka ⋅ Tutup pukul 22.00","https://www.google.com/maps/place/J%26T+Express+KALIBARU_TIMUR/data=!4m7!3m6!1s0x2e69f5b10a533bbb:0x4344e21fecc7edc6!8m2!3d-6.16894!4d106.8501!16s%2Fg%2F11f657275q!19sChIJuztTCrH1aS4Rxu3H7B_iREM?authuser=0&hl=id&rclk=1","https://www.google.com/maps/place/J%26T+Express+KALIBARU_TIMUR/@-6.16894,106.8501,17z/data=!3m1!4b1!4m6!3m5!1s0x2e69f5b10a533bbb:0x4344e21fecc7edc6!8m2!3d-6.16894!4d106.8501!16s%2Fg%2F11f657275q?authuser=0&hl=id&entry=ttu","106.8501","-6.16894","Alamat","Jl. Kalibaru Timur No.211 RT 08/05, RT.10/RW.2, Bungur, Kec. Senen, Kota Jakarta Pusat, Daerah Khusus Ibukota Jakarta 10460"
"J&T Express KALIBARU_TIMUR",3.9,35,"Buka ⋅ Tutup pukul 22.00","https://www.google.com/maps/place/J%26T+Express+KALIBARU_TIMUR/data=!4m7!3m6!1s0x2e69f5b10a533bbb:0x4344e21fecc7edc6!8m2!3d-6.16894!4d106.8501!16s%2Fg%2F11f657275q!19sChIJuztTCrH1aS4Rxu3H7B_iREM?authuser=0&hl=id&rclk=1","https://www.google.com/maps/place/J%26T+Express+KALIBARU_TIMUR/@-6.16894,106.8501,17z/data=!3m1!4b1!4m6!3m5!1s0x2e69f5b10a533bbb:0x4344e21fecc7edc6!8m2!3d-6.16894!4d106.8501!16s%2Fg%2F11f657275q?authuser=0&hl=id&entry=ttu","106.8501","-6.16894","Situs Web","jet.co.id"
"J&T Express KALIBARU_TIMUR",3.9,35,"Buka ⋅ Tutup pukul 22.00","https://www.google.com/maps/place/J%26T+Express+KALIBARU_TIMUR/data=!4m7!3m6!1s0x2e69f5b10a533bbb:0x4344e21fecc7edc6!8m2!3d-6.16894!4d106.8501!16s%2Fg%2F11f657275q!19sChIJuztTCrH1aS4Rxu3H7B_iREM?authuser=0&hl=id&rclk=1","https://www.google.com/maps/place/J%26T+Express+KALIBARU_TIMUR/@-6.16894,106.8501,17z/data=!3m1!4b1!4m6!3m5!1s0x2e69f5b10a533bbb:0x4344e21fecc7edc6!8m2!3d-6.16894!4d106.8501!16s%2Fg%2F11f657275q?authuser=0&hl=id&entry=ttu","106.8501","-6.16894","Telepon","(021) 21476677"
"J&T Express KALIBARU_TIMUR",3.9,35,"Buka ⋅ Tutup pukul 22.00","https://www.google.com/maps/place/J%26T+Express+KALIBARU_TIMUR/data=!4m7!3m6!1s0x2e69f5b10a533bbb:0x4344e21fecc7edc6!8m2!3d-6.16894!4d106.8501!16s%2Fg%2F11f657275q!19sChIJuztTCrH1aS4Rxu3H7B_iREM?authuser=0&hl=id&rclk=1","https://www.google.com/maps/place/J%26T+Express+KALIBARU_TIMUR/@-6.16894,106.8501,17z/data=!3m1!4b1!4m6!3m5!1s0x2e69f5b10a533bbb:0x4344e21fecc7edc6!8m2!3d-6.16894!4d106.8501!16s%2Fg%2F11f657275q?authuser=0&hl=id&entry=ttu","106.8501","-6.16894","Plus Codes","RVJ2+C2 Bungur, Kota Jakarta Pusat, Daerah Khusus Ibukota Jakarta"
"J&T Express CENTRAL_TIMUR",5,1,"Tutup sementara","https://www.google.com/maps/place/J%26T+Express+CENTRAL_TIMUR/data=!4m7!3m6!1s0x2e698beceaa37393:0x6676643f1e741b05!8m2!3d-6.203952!4d106.950016!16s%2Fg%2F11rrq8bw_c!19sChIJk3Oj6uyLaS4RBRt0Hj9kdmY?authuser=0&hl=id&rclk=1","https://www.google.com/maps/place/J%26T+Express+CENTRAL_TIMUR/@-6.203952,106.950016,17z/data=!3m1!4b1!4m6!3m5!1s0x2e698beceaa37393:0x6676643f1e741b05!8m2!3d-6.203952!4d106.950016!16s%2Fg%2F11rrq8bw_c?authuser=0&hl=id&entry=ttu","106.950016","-6.203952","Alamat","QXW2+C26 PRIMER, Jl. Sentra Primer Timur, RW.6, Pulo Gebang, Kec. Cakung, Kota Jakarta Timur, Daerah Khusus Ibukota Jakarta 13950"
"J&T Express CENTRAL_TIMUR",5,1,"Tutup sementara","https://www.google.com/maps/place/J%26T+Express+CENTRAL_TIMUR/data=!4m7!3m6!1s0x2e698beceaa37393:0x6676643f1e741b05!8m2!3d-6.203952!4d106.950016!16s%2Fg%2F11rrq8bw_c!19sChIJk3Oj6uyLaS4RBRt0Hj9kdmY?authuser=0&hl=id&rclk=1","https://www.google.com/maps/place/J%26T+Express+CENTRAL_TIMUR/@-6.203952,106.950016,17z/data=!3m1!4b1!4m6!3m5!1s0x2e698beceaa37393:0x6676643f1e741b05!8m2!3d-6.203952!4d106.950016!16s%2Fg%2F11rrq8bw_c?authuser=0&hl=id&entry=ttu","106.950016","-6.203952","Situs Web","jet.co.id"
"J&T Express Kios",NA,NA,"Tutup sementara","https://www.google.com/maps/place/J%26T+Express+Kios/data=!4m7!3m6!1s0x2e69f5906100ff0d:0xd84ea484a941a8eb!8m2!3d-6.1964948!4d106.8748154!16s%2Fg%2F11hycw29d6!19sChIJDf8AYZD1aS4R66hBqYSkTtg?authuser=0&hl=id&rclk=1","https://www.google.com/maps/place/J%26T+Express+Kios/@-6.1964948,106.8748154,17z/data=!3m1!4b1!4m6!3m5!1s0x2e69f5906100ff0d:0xd84ea484a941a8eb!8m2!3d-6.1964948!4d106.8748154!16s%2Fg%2F11hycw29d6?authuser=0&hl=id&entry=ttu","106.8748154","-6.1964948","Alamat","SPBU Pertamina 34-13208, Jl. Jenderal Ahmad Yani No.11, RT.11/RW.14, Rawamangun, Kec. Pulo Gadung, Kota Jakarta Timur, Daerah Khusus Ibukota Jakarta 13220"
"J&T Express Kios",NA,NA,"Tutup sementara","https://www.google.com/maps/place/J%26T+Express+Kios/data=!4m7!3m6!1s0x2e69f5906100ff0d:0xd84ea484a941a8eb!8m2!3d-6.1964948!4d106.8748154!16s%2Fg%2F11hycw29d6!19sChIJDf8AYZD1aS4R66hBqYSkTtg?authuser=0&hl=id&rclk=1","https://www.google.com/maps/place/J%26T+Express+Kios/@-6.1964948,106.8748154,17z/data=!3m1!4b1!4m6!3m5!1s0x2e69f5906100ff0d:0xd84ea484a941a8eb!8m2!3d-6.1964948!4d106.8748154!16s%2Fg%2F11hycw29d6?authuser=0&hl=id&entry=ttu","106.8748154","-6.1964948","Plus Codes","RV3F+CW Rawamangun, Kota Jakarta Timur, Daerah Khusus Ibukota Jakarta"
"J&T",NA,NA,"unknown","https://www.google.com/maps/place/J%26T/data=!4m7!3m6!1s0x2e698df83056a59d:0x88ad287ede047082!8m2!3d-6.2186279!4d106.9378765!16s%2Fg%2F11s3vpcvxc!19sChIJnaVWMPiNaS4RgnAE3n4orYg?authuser=0&hl=id&rclk=1","https://www.google.com/maps/place/J%26T/@-6.2186279,106.9378765,17z/data=!3m1!4b1!4m6!3m5!1s0x2e698df83056a59d:0x88ad287ede047082!8m2!3d-6.2186279!4d106.9378765!16s%2Fg%2F11s3vpcvxc?authuser=0&hl=id&entry=ttu","106.9378765","-6.2186279","Alamat","Jl. Nusa Indah VII No.154, RW.3, Malaka Jaya, Kec. Duren Sawit, Kota Jakarta Timur, Daerah Khusus Ibukota Jakarta 13460"
"J&T",NA,NA,"unknown","https://www.google.com/maps/place/J%26T/data=!4m7!3m6!1s0x2e698df83056a59d:0x88ad287ede047082!8m2!3d-6.2186279!4d106.9378765!16s%2Fg%2F11s3vpcvxc!19sChIJnaVWMPiNaS4RgnAE3n4orYg?authuser=0&hl=id&rclk=1","https://www.google.com/maps/place/J%26T/@-6.2186279,106.9378765,17z/data=!3m1!4b1!4m6!3m5!1s0x2e698df83056a59d:0x88ad287ede047082!8m2!3d-6.2186279!4d106.9378765!16s%2Fg%2F11s3vpcvxc?authuser=0&hl=id&entry=ttu","106.9378765","-6.2186279","Plus Codes","QWJQ+G5 Malaka Jaya, Kota Jakarta Timur, Daerah Khusus Ibukota Jakarta"
"JNT CIPAYUNG",5,2,"Buka ⋅ Tutup pukul 20.00","https://www.google.com/maps/place/JNT+CIPAYUNG/data=!4m7!3m6!1s0x2e69edc20ed60de7:0x7109456f91442fe6!8m2!3d-6.3326593!4d106.8906873!16s%2Fg%2F11k9lcjhb_!19sChIJ5w3WDsLtaS4R5i9EkW9FCXE?authuser=0&hl=id&rclk=1","https://www.google.com/maps/place/JNT+CIPAYUNG/@-6.3326593,106.8906873,17z/data=!3m1!4b1!4m6!3m5!1s0x2e69edc20ed60de7:0x7109456f91442fe6!8m2!3d-6.3326593!4d106.8906873!16s%2Fg%2F11k9lcjhb_?authuser=0&hl=id&entry=ttu","106.8906873","-6.3326593","Alamat","Jl. Cipayung Raya No.7 B, RT.5/RW.1, Cipayung, Kec. Cipayung, Kota Jakarta Timur, Daerah Khusus Ibukota Jakarta 13840"
"JNT CIPAYUNG",5,2,"Buka ⋅ Tutup pukul 20.00","https://www.google.com/maps/place/JNT+CIPAYUNG/data=!4m7!3m6!1s0x2e69edc20ed60de7:0x7109456f91442fe6!8m2!3d-6.3326593!4d106.8906873!16s%2Fg%2F11k9lcjhb_!19sChIJ5w3WDsLtaS4R5i9EkW9FCXE?authuser=0&hl=id&rclk=1","https://www.google.com/maps/place/JNT+CIPAYUNG/@-6.3326593,106.8906873,17z/data=!3m1!4b1!4m6!3m5!1s0x2e69edc20ed60de7:0x7109456f91442fe6!8m2!3d-6.3326593!4d106.8906873!16s%2Fg%2F11k9lcjhb_?authuser=0&hl=id&entry=ttu","106.8906873","-6.3326593","Telepon","0819-0206-1677"
"JNT CIPAYUNG",5,2,"Buka ⋅ Tutup pukul 20.00","https://www.google.com/maps/place/JNT+CIPAYUNG/data=!4m7!3m6!1s0x2e69edc20ed60de7:0x7109456f91442fe6!8m2!3d-6.3326593!4d106.8906873!16s%2Fg%2F11k9lcjhb_!19sChIJ5w3WDsLtaS4R5i9EkW9FCXE?authuser=0&hl=id&rclk=1","https://www.google.com/maps/place/JNT+CIPAYUNG/@-6.3326593,106.8906873,17z/data=!3m1!4b1!4m6!3m5!1s0x2e69edc20ed60de7:0x7109456f91442fe6!8m2!3d-6.3326593!4d106.8906873!16s%2Fg%2F11k9lcjhb_?authuser=0&hl=id&entry=ttu","106.8906873","-6.3326593","Plus Codes","MV8R+W7 Cipayung, Kota Jakarta Timur, Daerah Khusus Ibukota Jakarta"
"J&T COLLECTION POINT PULO GEBANG",NA,NA,"Tutup sementara","https://www.google.com/maps/place/J%26T+COLLECTION+POINT+PULO+GEBANG/data=!4m7!3m6!1s0x2e698b666181cc85:0x705ac3db000acfa8!8m2!3d-6.2083351!4d106.9535796!16s%2Fg%2F11n7p_879m!19sChIJhcyBYWaLaS4RqM8KANvDWnA?authuser=0&hl=id&rclk=1","https://www.google.com/maps/place/J%26T+COLLECTION+POINT+PULO+GEBANG/@-6.2083351,106.9535796,17z/data=!3m1!4b1!4m6!3m5!1s0x2e698b666181cc85:0x705ac3db000acfa8!8m2!3d-6.2083351!4d106.9535796!16s%2Fg%2F11n7p_879m?authuser=0&hl=id&entry=ttu","106.9535796","-6.2083351","Alamat","j&t express cafe ale-ale 78, RT.10/RW.6, Pulo Gebang, Cakung, East Jakarta City, Jakarta 13950"
"J&T COLLECTION POINT PULO GEBANG",NA,NA,"Tutup sementara","https://www.google.com/maps/place/J%26T+COLLECTION+POINT+PULO+GEBANG/data=!4m7!3m6!1s0x2e698b666181cc85:0x705ac3db000acfa8!8m2!3d-6.2083351!4d106.9535796!16s%2Fg%2F11n7p_879m!19sChIJhcyBYWaLaS4RqM8KANvDWnA?authuser=0&hl=id&rclk=1","https://www.google.com/maps/place/J%26T+COLLECTION+POINT+PULO+GEBANG/@-6.2083351,106.9535796,17z/data=!3m1!4b1!4m6!3m5!1s0x2e698b666181cc85:0x705ac3db000acfa8!8m2!3d-6.2083351!4d106.9535796!16s%2Fg%2F11n7p_879m?authuser=0&hl=id&entry=ttu","106.9535796","-6.2083351","Plus Codes","QXR3+MC Pulo Gebang, Kota Jakarta Timur, Daerah Khusus Ibukota Jakarta"
"JNT",NA,NA,"Tutup sementara","https://www.google.com/maps/place/JNT/data=!4m7!3m6!1s0x2e69f32257ef6091:0x89c227223ff2b2ac!8m2!3d-6.2538632!4d106.8600765!16s%2Fg%2F11fwhmcgkc!19sChIJkWDvVyLzaS4RrLLyPyInwok?authuser=0&hl=id&rclk=1","https://www.google.com/maps/place/JNT/@-6.2538632,106.8600765,17z/data=!3m1!4b1!4m6!3m5!1s0x2e69f32257ef6091:0x89c227223ff2b2ac!8m2!3d-6.2538632!4d106.8600765!16s%2Fg%2F11fwhmcgkc?authuser=0&hl=id&entry=ttu","106.8600765","-6.2538632","Alamat","Jl. Tj. Sanyang No.15, RT.3/RW.8, Cawang, Kec. Kramat jati, Kota Jakarta Timur, Daerah Khusus Ibukota Jakarta 13630"
"JNT",NA,NA,"Tutup sementara","https://www.google.com/maps/place/JNT/data=!4m7!3m6!1s0x2e69f32257ef6091:0x89c227223ff2b2ac!8m2!3d-6.2538632!4d106.8600765!16s%2Fg%2F11fwhmcgkc!19sChIJkWDvVyLzaS4RrLLyPyInwok?authuser=0&hl=id&rclk=1","https://www.google.com/maps/place/JNT/@-6.2538632,106.8600765,17z/data=!3m1!4b1!4m6!3m5!1s0x2e69f32257ef6091:0x89c227223ff2b2ac!8m2!3d-6.2538632!4d106.8600765!16s%2Fg%2F11fwhmcgkc?authuser=0&hl=id&entry=ttu","106.8600765","-6.2538632","Plus Codes","PVW6+F2 Cawang, Kota Jakarta Timur, Daerah Khusus Ibukota Jakarta"
"JNT CARGO JAKARTA TIMUR",4,35,"Segera tutup ⋅ 17.00 ⋅ Buka Min pukul 09.00","https://www.google.com/maps/place/JNT+CARGO+JAKARTA+TIMUR/data=!4m7!3m6!1s0x2e4223139cc5b6f5:0x2d36105a82c2a05e!8m2!3d-6.2212519!4d106.9052627!16s%2Fg%2F11j5d6jk45!19sChIJ9bbFnBMjQi4RXqDCgloQNi0?authuser=0&hl=id&rclk=1","https://www.google.com/maps/place/JNT+CARGO+JAKARTA+TIMUR/@-6.2212519,106.9052627,17z/data=!3m1!4b1!4m6!3m5!1s0x2e4223139cc5b6f5:0x2d36105a82c2a05e!8m2!3d-6.2212519!4d106.9052627!16s%2Fg%2F11j5d6jk45?authuser=0&hl=id&entry=ttu","106.9052627","-6.2212519","Alamat","Jl. Dermaga Raya No.8, Klender, Kec. Duren Sawit, Kota Jakarta Timur, Daerah Khusus Ibukota Jakarta 13470"
"JNT CARGO JAKARTA TIMUR",4,35,"Segera tutup ⋅ 17.00 ⋅ Buka Min pukul 09.00","https://www.google.com/maps/place/JNT+CARGO+JAKARTA+TIMUR/data=!4m7!3m6!1s0x2e4223139cc5b6f5:0x2d36105a82c2a05e!8m2!3d-6.2212519!4d106.9052627!16s%2Fg%2F11j5d6jk45!19sChIJ9bbFnBMjQi4RXqDCgloQNi0?authuser=0&hl=id&rclk=1","https://www.google.com/maps/place/JNT+CARGO+JAKARTA+TIMUR/@-6.2212519,106.9052627,17z/data=!3m1!4b1!4m6!3m5!1s0x2e4223139cc5b6f5:0x2d36105a82c2a05e!8m2!3d-6.2212519!4d106.9052627!16s%2Fg%2F11j5d6jk45?authuser=0&hl=id&entry=ttu","106.9052627","-6.2212519","Telepon","0813-1723-4218"
"JNT CARGO JAKARTA TIMUR",4,35,"Segera tutup ⋅ 17.00 ⋅ Buka Min pukul 09.00","https://www.google.com/maps/place/JNT+CARGO+JAKARTA+TIMUR/data=!4m7!3m6!1s0x2e4223139cc5b6f5:0x2d36105a82c2a05e!8m2!3d-6.2212519!4d106.9052627!16s%2Fg%2F11j5d6jk45!19sChIJ9bbFnBMjQi4RXqDCgloQNi0?authuser=0&hl=id&rclk=1","https://www.google.com/maps/place/JNT+CARGO+JAKARTA+TIMUR/@-6.2212519,106.9052627,17z/data=!3m1!4b1!4m6!3m5!1s0x2e4223139cc5b6f5:0x2d36105a82c2a05e!8m2!3d-6.2212519!4d106.9052627!16s%2Fg%2F11j5d6jk45?authuser=0&hl=id&entry=ttu","106.9052627","-6.2212519","Plus Codes","QWH4+F4 Klender, Kota Jakarta Timur, Daerah Khusus Ibukota Jakarta"
"J&T Express Kayu Jati",4.3,9,"Tutup permanen","https://www.google.com/maps/place/J%26T+Express+Kayu+Jati/data=!4m7!3m6!1s0x2e69f4eafb7cc02f:0x963fa54f65bf1b80!8m2!3d-6.1928048!4d106.8860648!16s%2Fg%2F11h6g4nshr!19sChIJL8B8--r0aS4RgBu_ZU-lP5Y?authuser=0&hl=id&rclk=1","https://www.google.com/maps/place/J%26T+Express+Kayu+Jati/@-6.1928048,106.8860648,17z/data=!3m1!4b1!4m6!3m5!1s0x2e69f4eafb7cc02f:0x963fa54f65bf1b80!8m2!3d-6.1928048!4d106.8860648!16s%2Fg%2F11h6g4nshr?authuser=0&hl=id&entry=ttu","106.8860648","-6.1928048","Alamat","Jl. Kayu Jati V No.1D, RT.8/RW.5, Rawamangun, Kec. Pulo Gadung, Kota Jakarta Timur, Daerah Khusus Ibukota Jakarta 13220"
"J&T Express Kayu Jati",4.3,9,"Tutup permanen","https://www.google.com/maps/place/J%26T+Express+Kayu+Jati/data=!4m7!3m6!1s0x2e69f4eafb7cc02f:0x963fa54f65bf1b80!8m2!3d-6.1928048!4d106.8860648!16s%2Fg%2F11h6g4nshr!19sChIJL8B8--r0aS4RgBu_ZU-lP5Y?authuser=0&hl=id&rclk=1","https://www.google.com/maps/place/J%26T+Express+Kayu+Jati/@-6.1928048,106.8860648,17z/data=!3m1!4b1!4m6!3m5!1s0x2e69f4eafb7cc02f:0x963fa54f65bf1b80!8m2!3d-6.1928048!4d106.8860648!16s%2Fg%2F11h6g4nshr?authuser=0&hl=id&entry=ttu","106.8860648","-6.1928048","Plus Codes","RV4P+VC Rawamangun, Kota Jakarta Timur, Daerah Khusus Ibukota Jakarta"
